# asin	avgStar	Summary_PosScore	Summary_NegScore	SummAvgLen	Review_PosScore	Review_NegScore	ReviewAvgLen	reviewCount
1384719342	5.0	0.346721237316	0.130950510231	4.0	0.183513090746	0.158997871329	59.0	5
B00004Y2UT	4.66666666667	0.333182143937	0.0761899319767	5.5	0.189274680811	0.164769139671	86.6666666667	6
B00005ML71	3.8	0.22638737964	0.122221407413	5.0	0.182623919194	0.159009139352	44.2	5
B000068NSX	4.57142857143	0.285164539234	0.136449783096	6.85714285714	0.206932338073	0.164053952083	87.4285714286	7
B000068NTU	4.8	0.324996750033	0.128043591359	4.2	0.243528127113	0.120770698977	45.8	5
B000068NVI	4.53846153846	0.304630859784	0.126152148042	3.84615384615	0.227484992084	0.141112379439	42.1538461538	13
B000068NW5	4.46153846154	0.364729262754	0.103762054775	4.15384615385	0.224422331119	0.152488071409	42.6730769231	52
B000068NZC	4.14285714286	0.21961622542	0.123262861698	4.28571428571	0.197593119551	0.157923337039	59.8571428571	7
B000068NZG	4.6	0.222334985201	0.152317256253	6.4	0.183171826672	0.183314066071	114.2	5
B000068O1N	4.88888888889	0.396811342651	0.0692209417382	4.44444444444	0.19231589518	0.145026010304	66.6666666667	9
B000068O3D	4.85714285714	0.313110903269	0.0633749773461	5.0	0.167348950244	0.19738283546	48.1428571429	7
B000068O3X	4.76470588235	0.396771313539	0.0937718527742	3.35294117647	0.220735092807	0.138558180914	43.7647058824	17
B000068O4H	4.4	0.139337415662	0.231738832909	3.5	0.171520338408	0.152843309573	47.9	10
B000068O59	4.66666666667	0.289844233409	0.137429163582	5.66666666667	0.195419868481	0.162654589117	84.3333333333	6
B00006LVEU	4.64285714286	0.206712336562	0.114898641721	4.85714285714	0.187875276179	0.152991479733	53.9285714286	14
B00009W40D	4.5	0.459654912228	0.0352269524823	2.83333333333	0.193661697034	0.163592958906	72.8333333333	6
B00009W40G	4.0	0.289863762622	0.159982449549	5.33333333333	0.19837112625	0.176151984438	71.0	6
B0000AQRSR	4.4	0.487495125049	0.0374996250038	4.8	0.209642504545	0.141058657376	77.6	5
B0000AQRSS	4.42857142857	0.398174594742	0.120962785649	4.28571428571	0.209408420801	0.158747639437	171.0	7
B0000AQRST	4.72727272727	0.30542214923	0.128306403098	4.81818181818	0.217323905267	0.144799292772	126.0	11
B0000AQRSU	4.52941176471	0.374641786738	0.0728569346945	3.52941176471	0.233230391146	0.146276587101	133.647058824	17
B000165DSM	4.16666666667	0.293575689899	0.11972051994	6.0	0.188827909153	0.158834964879	88.9444444444	18
B0001FTVD6	4.91666666667	0.348725689433	0.0856710107263	5.83333333333	0.222361096328	0.134173136362	33.9166666667	12
B0002BACB4	5.0	0.325128176282	0.0873692456089	4.0	0.214099130268	0.149801771542	137.571428571	7
B0002CZR3G	4.16666666667	0.280478042006	0.174193653203	6.5	0.21377993475	0.160581415534	102.833333333	6
B0002CZSJO	4.60714285714	0.299134155178	0.109198549951	5.25	0.213540484956	0.150775424589	51.1071428571	28
B0002CZSJY	4.63636363636	0.380899851355	0.098753597645	2.72727272727	0.222307227483	0.146090608619	55.0	22
B0002CZST4	4.81818181818	0.338539550794	0.131444490972	3.45454545455	0.23854589965	0.14560117216	42.1818181818	11
B0002CZT0M	4.375	0.321798296679	0.161722909462	3.5	0.220151107151	0.150807284431	61.25	8
B0002CZTIO	4.125	0.281412752434	0.14801041933	3.5625	0.181909421161	0.158227005944	73.875	16
B0002CZUTM	4.63636363636	0.312250827643	0.111953950435	4.90909090909	0.218499848003	0.161340229679	195.636363636	11
B0002CZUUG	4.54545454545	0.368117566894	0.0968158550644	5.40909090909	0.20960145482	0.152323830303	266.045454545	22
B0002CZV46	4.4	0.443916635528	0.0624087141315	3.8	0.192318662201	0.158064077833	94.0	10
B0002CZV78	5.0	0.232636304041	0.166664814835	4.16666666667	0.232070010528	0.156262717075	128.833333333	6
B0002CZV7I	4.33333333333	0.337150530108	0.134026884265	4.16666666667	0.188810787884	0.16195274944	158.166666667	6
B0002CZV82	4.05	0.291921619016	0.119468552665	5.5	0.209748680765	0.158884762281	207.7	20
B0002CZVA0	4.44444444444	0.294695630171	0.151856827224	5.11111111111	0.206339532875	0.15279246914	149.333333333	9
B0002CZVB4	4.8	0.346587758293	0.0918552255586	3.0	0.213889940038	0.148501741529	69.8	5
B0002CZVBE	4.61538461538	0.339298214248	0.121946780536	5.0	0.220729038321	0.152950197688	117.153846154	13
B0002CZVHI	5.0	0.500740470901	0.0626483620355	3.28571428571	0.214295966167	0.171855072117	135.428571429	7
B0002CZVI2	4.7	0.297725287892	0.105554851857	3.6	0.198784205553	0.16789919166	66.6	10
B0002CZVK0	4.375	0.226535891994	0.189901368195	4.0	0.204253312567	0.163286894316	90.4583333333	24
B0002CZVW8	4.83333333333	0.272359295382	0.175554385193	4.0	0.215661476844	0.143430158023	35.3333333333	6
B0002CZVWS	4.6875	0.290577815742	0.167753937137	4.375	0.203845798234	0.151115379439	73.6875	16
B0002CZVXM	4.5	0.306497511336	0.112450713931	4.7027027027	0.19250553244	0.160846735404	85.6621621622	74
B0002CZVZK	4.4	0.369159283481	0.10833116671	3.0	0.234430192997	0.145974047258	98.8	5
B0002CZW0Y	4.21739130435	0.28621964708	0.126357279123	3.78260869565	0.195813669365	0.166780760651	58.4130434783	46
B0002CZZW4	4.625	0.342813852425	0.0827988268421	3.0625	0.199664400995	0.158167323332	63.6875	16
B0002D0096	4.75	0.289027365893	0.11961525716	5.25	0.183628931581	0.16530134319	143.0	8
B0002D01IG	4.8	0.394875181596	0.119902274624	4.2	0.243901838072	0.136809541022	90.8	5
B0002D01K4	4.88888888889	0.314180296295	0.107383879657	4.33333333333	0.197386577178	0.153394184114	61.8333333333	18
B0002D01KO	4.11111111111	0.281223189676	0.137201400942	3.11111111111	0.189012244608	0.180147432845	51.2222222222	9
B0002D01PY	4.42857142857	0.243748375011	0.0687495416697	5.71428571429	0.197184657181	0.162721021723	35.0	7
B0002D02IU	4.83333333333	0.292779078357	0.120162188449	3.83333333333	0.201260064884	0.162255416956	238.833333333	6
B0002D02RQ	4.38461538462	0.290112610276	0.136153652334	4.61538461538	0.207771543553	0.150605445099	59.7692307692	13
B0002D05FU	4.85714285714	0.389878167537	0.0282736075695	2.71428571429	0.242055706082	0.141406008366	43.5714285714	7
B0002D070I	4.4	0.350111850609	0.22627063403	2.4	0.187242962675	0.161524708182	119.6	5
B0002D0B4K	4.77777777778	0.295012773718	0.136903784021	4.11111111111	0.192380565539	0.171971877457	109.222222222	9
B0002D0C1C	4.4	0.324996750032	0.170236392874	3.6	0.246978771227	0.153154837274	107.8	5
B0002D0CA8	4.7	0.449273408956	0.0930378977648	3.9	0.254456240699	0.13639771973	36.3	10
B0002D0CAI	4.54545454545	0.263681283739	0.103760965785	3.81818181818	0.241074698245	0.141412496136	36.6363636364	11
B0002D0CEO	4.81818181818	0.368161470118	0.125985132185	4.0	0.203547074272	0.162220257417	53.9818181818	55
B0002D0CGC	4.52	0.314374371251	0.121916422834	3.88	0.197861930166	0.157903035799	75.68	25
B0002D0CGM	4.85714285714	0.322319126292	0.13607470831	3.28571428571	0.222973532627	0.136911486931	43.4285714286	7
B0002D0CGW	4.76923076923	0.276120111346	0.107271467825	5.15384615385	0.219170814032	0.135035460263	66.3076923077	13
B0002D0CIK	4.30769230769	0.356859401634	0.0911070339495	4.0	0.196712724331	0.174477984921	81.6153846154	13
B0002D0CKI	4.09090909091	0.306771510278	0.157151138734	4.90909090909	0.201524487045	0.157199121152	102.954545455	22
B0002D0CL2	4.69230769231	0.221551788109	0.137028280455	5.15384615385	0.202696547404	0.155848478434	54.6153846154	13
B0002D0CLC	4.25	0.250423808277	0.160398687903	5.16666666667	0.191095628772	0.155806361516	72.5833333333	12
B0002D0CLM	3.66666666667	0.16477531915	0.200616169416	4.88888888889	0.192469126218	0.174144303501	64.2222222222	9
B0002D0CNA	4.85714285714	0.28443495608	0.126630694278	4.0	0.198329449605	0.147718222091	40.7142857143	14
B0002D0COE	4.0	0.253818809897	0.18281204297	4.18181818182	0.184578498207	0.17069703242	104.136363636	22
B0002D0CQC	4.55172413793	0.265222835396	0.132618858164	4.37931034483	0.186472472336	0.163910105433	82.3103448276	29
B0002D0DWK	4.54545454545	0.213747390369	0.165984487608	4.27272727273	0.186305425022	0.159371089725	39.4545454545	11
B0002D0E8S	4.68292682927	0.335949566981	0.135802657163	3.87804878049	0.227642305917	0.153709968198	50.3902439024	41
B0002D0HY4	4.16666666667	0.297914538706	0.107588517225	4.66666666667	0.199396243072	0.159339289149	62.8333333333	6
B0002D0JZ6	4.77777777778	0.217856105447	0.213406013259	5.55555555556	0.195520611185	0.15777321257	204.555555556	9
B0002D0KOG	4.81818181818	0.315585250919	0.154320416097	4.45454545455	0.195067731602	0.168754765903	100.818181818	11
B0002D0L40	4.57142857143	0.409907889726	0.0525247750273	3.85714285714	0.223336610176	0.152855733578	37.5714285714	7
B0002D0LKY	4.0	0.187209608095	0.276329483355	3.71428571429	0.218058924657	0.15199480709	47.8571428571	7
B0002D0LM2	5.0	0.476380949207	0.0368049421399	2.8	0.20920182348	0.147657905184	33.0	5
B0002D0MFI	5.0	0.287608135396	0.126095827566	7.0	0.216766425925	0.154299254531	93.8	5
B0002D0N70	4.71428571429	0.314605017087	0.177986952797	6.71428571429	0.220505747178	0.154184081203	119.428571429	7
B0002D0PB4	4.33333333333	0.321177879073	0.109374088549	4.66666666667	0.186090078654	0.167105484933	46.6666666667	6
B0002D0Q2W	4.33333333333	0.375668301185	0.0979907214617	3.93333333333	0.192351400869	0.157882079289	137.466666667	15
B0002DUPZK	4.83333333333	0.360715187825	0.119003836271	4.83333333333	0.213906777448	0.157105040569	43.0	6
B0002DUPZU	4.5	0.392854336755	0.0531246205384	6.33333333333	0.202048278851	0.144322432953	73.5	6
B0002DUQ04	4.6	0.343744270929	0.22221851858	4.2	0.207817446068	0.150899392577	38.0	5
B0002DURNK	4.9	0.286717316413	0.140780546097	5.5	0.218767831673	0.145733865596	121.3	10
B0002DUS8E	4.6	0.360829725036	0.107498925011	3.8	0.203736903364	0.158481979474	50.4	5
B0002DV6RQ	4.38461538462	0.282685806831	0.183486641507	3.84615384615	0.208492701239	0.145409448966	69.3076923077	13
B0002DV7U2	4.06666666667	0.244446313487	0.195421138431	5.13333333333	0.185540756654	0.171685092182	59.8	15
B0002DV7ZM	4.79310344828	0.28674852889	0.191691943785	3.96551724138	0.197361778384	0.172286173077	56.9655172414	29
B0002DVBJY	5.0	0.265208693448	0.189779637369	4.4	0.255456628465	0.14021418848	31.6	5
B0002E1G5C	4.58041958042	0.285679801849	0.148297772784	3.95104895105	0.199520293228	0.160520815014	61.7832167832	143
B0002E1H9W	4.66666666667	0.302491236945	0.136396791379	5.38095238095	0.207986086897	0.152548780783	68.4761904762	21
B0002E1I2I	4.375	0.271236919054	0.151214437698	5.125	0.178086377174	0.165209859672	105.625	8
B0002E1J3Q	4.36363636364	0.347451321229	0.099835712872	4.36363636364	0.221895761995	0.148339504464	61.4545454545	11
B0002E1J5E	4.22222222222	0.300608599313	0.139158678556	4.44444444444	0.179069785345	0.178249407174	97.6666666667	9
B0002E1NNC	4.8	0.460407458517	0.0229162083425	3.0	0.178151085846	0.190078206117	51.0	5
B0002E1NNM	4.5	0.28768218549	0.105214667968	4.5	0.246404997818	0.141537150451	134.5	8
B0002E1NQ4	4.875	0.447718555926	0.0701818530301	3.875	0.212235155221	0.149994124048	90.625	8
B0002E1NQE	4.8	0.343247548232	0.113466876597	6.4	0.219970547369	0.180381126617	69.4	5
B0002E1O2C	4.65625	0.358393620752	0.120453701237	4.40625	0.217280511893	0.151889834295	82.65625	32
B0002E1O2M	4.28571428571	0.343556714084	0.121970724992	4.14285714286	0.223885122294	0.151108007448	97.0714285714	14
B0002E1O2W	4.14285714286	0.303683561409	0.129325928262	3.71428571429	0.193802766364	0.174403377234	65.2857142857	7
B0002E1O3G	4.4375	0.311328575434	0.134672620739	4.375	0.197903719082	0.149708293014	97.1875	16
B0002E1O5E	4.73333333333	0.335801225428	0.109644655637	4.06666666667	0.219741583685	0.151849802223	98.4	15
B0002E1O7M	4.75	0.391095388515	0.114678947267	3.875	0.22783221685	0.144221423685	93.625	8
B0002E1O7W	4.9	0.308050781769	0.0719077263653	5.4	0.214733082868	0.157867697783	57.0	10
B0002E1O90	5.0	0.337381447747	0.0973040833125	3.6	0.230504580545	0.137378161579	75.6	5
B0002E1OVS	4.4	0.358850578161	0.118227984387	4.6	0.185234515144	0.167997369718	207.0	5
B0002E2EOE	4.33333333333	0.2336292836	0.133927614803	5.0	0.185629734057	0.150767092189	197.333333333	6
B0002E2G24	4.0	0.26395214589	0.214263203668	3.8	0.179054148048	0.166425775551	99.0	5
B0002E2G2O	4.0	0.391923817302	0.0711799623892	4.8	0.214576938348	0.144721454867	87.6	5
B0002E2GMY	4.30434782609	0.318523367423	0.124683329983	3.69565217391	0.191626670268	0.147159792008	55.0434782609	23
B0002E2KPC	4.5	0.356893083712	0.10425032347	4.17647058824	0.21049482066	0.156839220222	52.7205882353	68
B0002E2S36	4.71428571429	0.306066601014	0.121312972723	5.14285714286	0.218805341494	0.158746813365	41.6428571429	14
B0002E2TTO	4.33333333333	0.307928860923	0.13956500536	3.83333333333	0.203072390371	0.157323642016	83.8333333333	6
B0002E2VXS	4.8	0.215398748455	0.148778155634	6.2	0.242520205644	0.126866191285	33.8	5
B0002E2XCW	4.86666666667	0.326806777964	0.106086378594	3.71111111111	0.206125167382	0.160237605339	60.9777777778	45
B0002E2Z8Y	4.33333333333	0.2761625912	0.185231753539	3.11111111111	0.20653954828	0.148099511623	102.444444444	9
B0002E37G8	4.5	0.295991312887	0.107931862063	3.66666666667	0.235413845346	0.11591472925	59.0	6
B0002E37MM	3.4	0.185934401093	0.167705538241	3.6	0.176948932396	0.163757081532	22.0	5
B0002E382Q	4.6	0.354756836807	0.204758979634	3.8	0.209582770428	0.17060461618	178.8	5
B0002E3830	4.83333333333	0.320598289649	0.158563053003	3.0	0.197991103767	0.150301096796	68.1666666667	6
B0002E38AS	4.55555555556	0.302461241318	0.198346387149	3.88888888889	0.201609264613	0.172267427433	63.7777777778	9
B0002E38B2	4.83333333333	0.324762531775	0.122295801173	4.5	0.211281596848	0.152513482453	78.1666666667	12
B0002E3A8S	4.2	0.286865499474	0.0752096020482	3.8	0.200925394684	0.158860526896	72.6	5
B0002E3B78	4.09090909091	0.396600766108	0.102699463148	3.36363636364	0.206575092512	0.161925137911	88.8181818182	11
B0002E3CHC	4.52272727273	0.361997525011	0.115937685389	4.02272727273	0.209551026114	0.153056511543	116.977272727	44
B0002E3DGC	4.28571428571	0.307596229826	0.183822448103	3.71428571429	0.191889991986	0.151706633652	73.8571428571	7
B0002E3DLM	4.33333333333	0.289108534355	0.160037151346	5.44444444444	0.212768520244	0.180691980177	85.4444444444	9
B0002E3DNK	4.5	0.300259478356	0.0954424100758	5.2	0.203842274755	0.171564447503	61.2	10
B0002E3FCO	3.57142857143	0.239967075824	0.166350562084	3.85714285714	0.198107900171	0.179309886764	80.4285714286	7
B0002E3MRW	3.4	0.284799356368	0.19353572222	5.4	0.167285659413	0.192418776045	60.2	5
B0002E4Z8M	5.0	0.28299903558	0.136051505235	7.83333333333	0.206684309407	0.153096970526	591.666666667	6
B0002E51ZS	4.42857142857	0.318632489079	0.105902189432	4.0	0.191692208929	0.166588062097	85.1428571429	7
B0002E5266	4.42857142857	0.343534961145	0.173255565181	4.28571428571	0.214074543524	0.187749626786	46.5714285714	7
B0002E528E	4.83333333333	0.326616741295	0.217127217105	3.5	0.211356381568	0.172034899984	63.1666666667	6
B0002E52RU	5.0	0.302254425657	0.073957717019	4.14285714286	0.206795638558	0.136068094002	109.714285714	7
B0002E54FK	4.33333333333	0.441662250044	0.0910705178663	3.33333333333	0.241546540717	0.141975505217	37.0	6
B0002E54ZU	4.85714285714	0.301118676893	0.0844270243789	4.42857142857	0.17971177712	0.16966613061	109.285714286	7
B0002E5518	4.88888888889	0.37703749185	0.125252165658	4.66666666667	0.200847012312	0.148748918479	78.4444444444	9
B0002F4MKC	4.85714285714	0.369639160751	0.148510419658	2.85714285714	0.234924690901	0.16198691148	69.2857142857	7
B0002F4VBM	4.5	0.262849806191	0.186689698771	5.6875	0.200964680239	0.162088964849	156.9375	16
B0002F519I	4.55555555556	0.454842049819	0.0627476672749	3.44444444444	0.240563218807	0.145479200136	98.0	9
B0002F52EW	4.83333333333	0.337452379068	0.173174918647	3.33333333333	0.189687208734	0.171620412766	160.666666667	6
B0002F58TG	4.625	0.26741853088	0.109869553938	5.1875	0.220773394508	0.152043359343	135.4375	16
B0002F6RSM	4.33333333333	0.307596229826	0.186273414078	4.66666666667	0.178870786005	0.181737063794	116.0	6
B0002F73YY	4.375	0.368116025707	0.0873012235465	6.125	0.188025294622	0.166970583134	86.375	8
B0002F741Q	4.625	0.29097028242	0.0996521134304	5.875	0.213875901122	0.16135844438	42.375	8
B0002F75K6	4.3	0.295452575771	0.124494119534	4.4	0.197655465209	0.159886091191	183.1	10
B0002F77B8	4.77777777778	0.347374424846	0.116689548752	5.77777777778	0.202226045705	0.177982279054	173.666666667	9
B0002F7IIK	4.80952380952	0.365703919526	0.109620912467	3.95238095238	0.204106548274	0.159576784518	82.7142857143	21
B0002F7IN0	4.72222222222	0.392441540905	0.15219382512	3.83333333333	0.231207232512	0.155053674908	77.2222222222	18
B0002F7K7Y	4.62068965517	0.368783615445	0.106635592921	4.25862068966	0.22165936535	0.14825193569	71.9913793103	116
B0002FO9QY	4.7	0.284125631148	0.11244986135	3.5	0.193304197732	0.170984520729	140.8	10
B0002FOBJY	4.71428571429	0.403577136561	0.160384494217	3.71428571429	0.213452932909	0.160278958727	56.5714285714	7
B0002GIRP2	4.92307692308	0.34857042384	0.164051418481	4.23076923077	0.22411191096	0.145945134355	88.3846153846	13
B0002GIW3Y	4.6	0.281294421	0.128378773771	3.8	0.217016441348	0.152423463681	132.8	5
B0002GJ3E6	4.4	0.215907128117	0.162877307176	6.8	0.203490282876	0.144833285305	47.4	5
B0002GJ3ZA	4.5	0.341141569064	0.177081119819	4.16666666667	0.209408010804	0.160978406607	25.1666666667	6
B0002GJ6FC	4.05	0.261707809918	0.128019585231	4.55	0.199500923044	0.155470333314	53.25	20
B0002GJILE	4.75	0.247248101127	0.140466502829	4.25	0.203379440105	0.151851079859	53.75	8
B0002GL7ZO	4.71428571429	0.274099132883	0.140482315989	6.28571428571	0.201305894909	0.15679364856	108.714285714	7
B0002GLCRC	4.81081081081	0.341413192358	0.130444354625	5.16216216216	0.205167163257	0.160775171519	90.1351351351	37
B0002GLDQM	4.37313432836	0.307233374352	0.112779360047	3.68656716418	0.189715216086	0.162155192309	57.8656716418	67
B0002GMGYA	4.36206896552	0.379431453859	0.0886228747067	3.55172413793	0.214630116891	0.151980389786	58.2413793103	58
B0002GML4U	4.875	0.470611558185	0.0492687465388	4.625	0.233321998566	0.133796093065	59.375	8
B0002GOJZO	4.63636363636	0.277920046504	0.12784344185	4.81818181818	0.188289533668	0.168496805391	95.7272727273	11
B0002GOK08	4.8	0.390412762539	0.0983323500099	3.0	0.184696441193	0.164387680906	108.8	5
B0002GTZR6	4.58333333333	0.315640956326	0.14678858378	4.16666666667	0.217092061314	0.161045417262	62.0	12
B0002GW3Y8	4.61538461538	0.30990027555	0.106499574002	3.92307692308	0.189117313007	0.163149664774	61.9230769231	13
B0002GWFEQ	4.78787878788	0.329349649497	0.109126802249	3.54545454545	0.207010443509	0.139014638239	53.4242424242	33
B0002GWXKC	4.6	0.229160937643	0.109372265693	2.6	0.167043807202	0.156075589073	45.8	5
B0002GX5NG	3.90909090909	0.289247478878	0.119171201373	4.36363636364	0.193360324916	0.149959177211	60.1818181818	11
B0002GX6V2	3.625	0.337589111931	0.145043365236	6.0	0.208529211723	0.166066228914	128.875	8
B0002GXF8Q	4.57575757576	0.333659943166	0.109264851997	4.60606060606	0.210025630553	0.157379953367	38.2727272727	33
B0002GXPRM	4.35294117647	0.287808906823	0.120382557525	4.17647058824	0.218615006238	0.151799907455	42.1176470588	17
B0002GXRF2	4.8	0.351185459255	0.0952367347133	2.4	0.249338448887	0.12689719534	70.6	5
B0002GXV2Q	4.4375	0.361853711315	0.0726782807155	3.25	0.228788751394	0.134690539745	38.5	16
B0002GXV3A	4.0	0.245177590718	0.140535152145	6.0	0.203629337212	0.14696743876	108.428571429	7
B0002GXZK4	4.59090909091	0.352761655137	0.130031771144	5.40909090909	0.215599254657	0.15752940178	158.409090909	22
B0002GYW4C	4.45714285714	0.363443412772	0.122988630392	4.28571428571	0.197620070413	0.165789197937	77.0571428571	35
B0002GYYD6	4.25	0.460412062546	0.0958323750096	2.875	0.228525055834	0.155087768065	88.5	8
B0002GYYDQ	3.83333333333	0.238976179464	0.180810239872	3.0	0.164870973062	0.158292486272	61.0	6
B0002GZ052	4.57142857143	0.241555746198	0.145065025974	4.42857142857	0.186182294161	0.183007774921	109.714285714	7
B0002GZBLU	4.86666666667	0.373046871991	0.149693187177	4.53333333333	0.203636166571	0.158495241117	68.8666666667	15
B0002GZBNS	4.42857142857	0.690826425069	0.0443745562544	2.57142857143	0.239348544265	0.144491579016	29.0	7
B0002GZBO2	3.8	0.322251710431	0.182041628109	3.8	0.2101671479	0.144652800798	59.2	5
B0002GZLZQ	4.54545454545	0.300693533252	0.153444700961	5.27272727273	0.194080863588	0.159079885698	96.2727272727	11
B0002GZM00	4.73529411765	0.298668189186	0.130984541016	4.38235294118	0.189920543193	0.155647739492	55.7352941176	34
B0002GZQ1U	4.8	0.26260481757	0.101067598625	6.4	0.196862794423	0.165721527239	101.6	5
B0002GZTT4	4.5	0.347683253612	0.0999994444476	3.875	0.213804898198	0.150494592891	63.75	8
B0002H02IG	4.44444444444	0.480107793351	0.0628429140607	4.22222222222	0.212596702544	0.163247970711	68.5	18
B0002H03YY	4.66666666667	0.28394440817	0.158700046862	6.0	0.185836226958	0.155371178082	71.0	6
B0002H04NE	4.4	0.322589205165	0.145842463488	4.33333333333	0.227139867333	0.133413700515	52.6666666667	15
B0002H0A3S	4.65591397849	0.397663782384	0.106180304749	3.79569892473	0.221398392395	0.147116868473	74.8602150538	93
B0002H0FMO	4.66666666667	0.369955640376	0.0922064486181	4.58333333333	0.217812697425	0.154165412742	79.0	12
B0002H0H4A	4.125	0.355949838454	0.109076601834	4.0	0.196827550793	0.167852630205	103.625	8
B0002H0JZC	4.375	0.292204274914	0.128570625005	4.25	0.265734932817	0.146342584015	51.625	8
B0002H0KG0	4.66666666667	0.348658032301	0.15735913753	3.66666666667	0.186646761036	0.165320617296	287.333333333	6
B0002H0LQO	4.8	0.319207801997	0.132100390783	3.2	0.219952610118	0.163973455931	63.5	10
B0002H0N76	4.5	0.251387492292	0.197353400947	3.5	0.224332495701	0.157665572196	61.25	8
B0002H0SKS	3.2	0.190122752632	0.137813643018	11.0	0.170824675832	0.172090199678	185.8	5
B0002HLL8G	4.77777777778	0.399864072108	0.0777327462569	4.33333333333	0.199699689861	0.176935129124	93.8888888889	9
B0002IAJ56	4.61111111111	0.2624248234	0.102253725864	3.88888888889	0.203202715021	0.150781792232	49.2777777778	18
B0002IHFVM	4.20408163265	0.343132140957	0.126218108043	4.0612244898	0.211208395164	0.164565114183	57.387755102	49
B0002IHGZC	4.875	0.335191058159	0.0799845477294	3.375	0.223592035927	0.130850911145	54.25	8
B0002IHP0S	4.84615384615	0.379698318717	0.128769304731	3.61538461538	0.193756123986	0.149243952808	59.1538461538	13
B0002II6V0	4.07142857143	0.194443855221	0.193316513759	4.35714285714	0.200173089712	0.187069947653	66.3571428571	14
B0002KYXTM	3.21428571429	0.226367159157	0.179124036324	5.14285714286	0.172498950498	0.172932141359	115.928571429	14
B0002KZAKS	4.75	0.427344438485	0.0774713636751	3.75	0.219000015425	0.151763066857	94.1666666667	24
B0002KZDN2	4.71428571429	0.296642862024	0.102246512577	6.57142857143	0.209177676618	0.172112133137	54.1428571429	7
B0002KZE7C	4.52	0.264468653443	0.171538685027	4.72	0.197356577047	0.160045906108	46.04	25
B0002KZEAE	4.5	0.245426814224	0.207728565431	3.75	0.190913103706	0.177981991008	46.1666666667	12
B0002KZEMC	4.0	0.237915373453	0.145235134588	4.09090909091	0.220517009665	0.15161539208	48.3636363636	11
B0002KZFYE	4.85714285714	0.341141569064	0.0468744140698	2.71428571429	0.223006028517	0.144515158658	32.8571428571	7
B0002KZHQA	4.83333333333	0.341407980357	0.146024667528	4.66666666667	0.24299956034	0.114479939085	37.1666666667	6
B0002KZISM	4.375	0.314996850031	0.10437395626	2.75	0.167459893599	0.142285972196	29.875	8
B0002KZIV4	4.375	0.348037168409	0.137008997986	3.75	0.206628996082	0.167608390013	43.0	8
B0002KZIVY	4.2	0.223389207645	0.137870592981	4.73333333333	0.197517689913	0.157983985089	60.2	15
B0002KZQ34	4.625	0.263748945004	0.0785115907156	5.125	0.186312322183	0.148333627871	177.625	8
B0002M3OVI	4.5	0.270548541474	0.179069252015	4.95833333333	0.198747380382	0.177381748962	57.2916666667	24
B0002M6B2M	4.35294117647	0.339125472638	0.122823878604	3.41176470588	0.253683017455	0.131927705796	39.1176470588	17
B0002M6CVC	4.78260869565	0.356545730603	0.0941029360619	3.26086956522	0.223913929856	0.145653670139	60.5434782609	46
B0002M6CW6	4.65384615385	0.300010277038	0.118879653985	5.19230769231	0.229774828152	0.137631801945	46.2692307692	26
B0002M728Y	4.55555555556	0.288729748198	0.112452140369	4.22222222222	0.184234744471	0.152954231052	69.1111111111	9
B0002M72JS	4.5	0.205017075602	0.173767359691	3.33333333333	0.207845259025	0.15093473846	70.1666666667	6
B0002MDTVS	4.44444444444	0.372752741398	0.103189781699	5.44444444444	0.224544096682	0.165556258849	53.3333333333	9
B0002MJTZ8	4.8	0.302600384162	0.197393365916	3.2	0.18583437705	0.186853292565	80.2	5
B0002MSQVQ	4.6	0.282550906038	0.175445697548	4.3	0.201695092751	0.153632519339	165.2	10
B0002OOMU8	4.4347826087	0.304356194143	0.118154606438	3.4347826087	0.183684336918	0.167382437906	45.6086956522	46
B0002OOMW6	4.55555555556	0.303549447331	0.151586940666	4.0	0.198747307773	0.159840895061	81.2777777778	18
B0002OP7VQ	4.2	0.222643998453	0.153841882163	6.0	0.195318705757	0.173861736593	112.2	5
B0002OS9FC	5.0	0.237597886361	0.130455624453	4.33333333333	0.189978278711	0.154148293309	221.333333333	6
B0002PBS5Y	4.33333333333	0.523951783936	0.0406244921939	3.5	0.200140863638	0.158817711779	89.5	6
B0002PBS68	4.85714285714	0.257686344677	0.137399648654	4.14285714286	0.198988793456	0.157157733678	59.7142857143	7
B0002PBS6I	4.91666666667	0.396690324085	0.0821082006827	5.41666666667	0.223502165524	0.13816066609	71.8333333333	12
B0002PBS6S	4.63636363636	0.466518012478	0.0845129219454	3.45454545455	0.211200034614	0.151873387	87.4545454545	11
B0002T67J2	4.72727272727	0.265874062044	0.15335428129	3.18181818182	0.206670128317	0.16353828546	59.0909090909	11
B0002Y6BJI	4.66666666667	0.394342421364	0.0870529496218	2.77777777778	0.243855409718	0.138243240257	37.6666666667	9
B0002Z2CZY	4.1	0.211719756789	0.15675930384	4.3	0.16281704921	0.174265498701	57.7	10
B0002Z2D08	3.28571428571	0.227605337521	0.155420822465	6.28571428571	0.174807485147	0.176640082565	120.0	7
B0002Z2D0I	3.9	0.272453040179	0.152763772252	5.0	0.193895644399	0.163069616339	127.2	10
B0002ZO3LK	3.85714285714	0.242721251337	0.160693801669	6.14285714286	0.188025814036	0.156231371753	99.0	7
B0002ZO60I	4.85714285714	0.353057689223	0.145116280523	3.42857142857	0.203527550842	0.162910009171	52.5714285714	7
B0002ZPK0S	4.42857142857	0.278785344376	0.1223473726	4.57142857143	0.168192239364	0.155125905609	40.4285714286	7
B0002ZPK5I	4.58333333333	0.206687508662	0.152850072719	3.41666666667	0.17645461464	0.172403477145	74.6666666667	12
B00062GRXQ	4.33333333333	0.323840433656	0.178834786604	4.0	0.186594381357	0.193323804485	85.3333333333	6
B00063678K	4.79166666667	0.370145092525	0.101690608744	5.41666666667	0.207956494476	0.144475128053	71.0833333333	24
B00064TZYW	4.25	0.331388106681	0.173703460008	4.375	0.214256901382	0.165363383932	130.625	8
B0006GR4L6	4.5	0.283488007129	0.134631103899	4.5	0.220837344723	0.150450666253	54.7	10
B0006H92QK	4.75	0.489655512388	0.0466312815461	4.08333333333	0.222027076393	0.150747068985	204.416666667	12
B0006IQNCK	4.6	0.498290924628	0.0598749968074	5.8	0.215334465454	0.156978273715	81.4	5
B0006M59M6	3.83333333333	0.386975941867	0.12135315539	3.33333333333	0.187450081425	0.169774961174	94.0	6
B0006NDF6C	4.55555555556	0.384705452972	0.136336967617	4.55555555556	0.265351882325	0.138114012335	41.8888888889	9
B0006NDF8A	4.49295774648	0.280341998853	0.166272160886	4.76056338028	0.211014601118	0.171469672464	55.1126760563	71
B0006OHVK2	4.63636363636	0.338832281	0.153056316412	3.45454545455	0.217999912458	0.149228379439	112.181818182	11
B0006VMBHI	4.16666666667	0.221525931728	0.0949644864071	3.66666666667	0.179351331707	0.195869969304	101.333333333	6
B0006ZXFWO	3.625	0.230176142063	0.167213561331	5.25	0.186826689421	0.1544773406	96.875	16
B0006ZXFZQ	5.0	0.275934740653	0.103853128135	4.4	0.236374924931	0.148291396777	38.2	5
B0006ZXG00	4.5	0.369435935073	0.0818447265657	5.0	0.204561003284	0.162649975186	135.166666667	6
B00074B67A	4.6	0.223354657629	0.14786642075	8.2	0.200748332345	0.136294530051	80.0	5
B00074WFO8	4.8	0.266862855508	0.21205180433	4.4	0.177959371586	0.146347058332	46.6	5
B0007GGUGA	4.72222222222	0.289291685172	0.135760280321	5.44444444444	0.199307741959	0.156143888708	153.333333333	18
B0007L8BQW	2.85714285714	0.319138630384	0.109374316411	5.14285714286	0.195268109927	0.16107680294	135.0	7
B0007NQH98	4.88888888889	0.480552885817	0.0576551029743	3.55555555556	0.275406263462	0.129133127308	61.4444444444	9
B0007OGTGS	4.875	0.24841131835	0.161159818953	3.75	0.214569301398	0.139470145115	51.0	8
B0007ORM0K	5.0	0.275890098242	0.0980347339384	2.71428571429	0.177486652555	0.153180499893	126.142857143	7
B0007SL86A	4.83333333333	0.391099986181	0.0741314811227	4.5	0.199294047862	0.168387984468	106.0	6
B0007WPCKE	5.0	0.323891204847	0.172850482184	5.6	0.220732244762	0.165993044898	55.4	5
B0007WQZGY	4.6	0.478564591934	0.127676747475	3.0	0.249192436594	0.166625419594	51.6	5
B0007XWUQ2	5.0	0.606660600061	0.0444043178616	2.71428571429	0.25589149782	0.120716399644	41.8571428571	7
B0007Y3XGW	5.0	0.462957818987	0.0462957818987	4.66666666667	0.204189746458	0.124833755462	47.1666666667	6
B0008G26JO	4.71428571429	0.379722329116	0.103235961918	4.42857142857	0.215990763974	0.155219809712	106.142857143	7
B00095VIMU	4.625	0.25504611503	0.163380153486	4.25	0.160770829411	0.182866302707	67.875	8
B000960KNW	4.76470588235	0.271235684186	0.111894800339	5.0	0.188661827186	0.149607024655	90.5294117647	17
B000978D58	4.47368421053	0.333213157336	0.149064569183	3.82456140351	0.20509446028	0.162710986771	65.9649122807	57
B0009DXEEM	4.15384615385	0.306422871144	0.157763199941	5.23076923077	0.22812915726	0.157517959529	88.1538461538	13
B0009EQMZE	3.16666666667	0.29844562941	0.144567290186	4.66666666667	0.178443019936	0.197318604287	53.5	6
B0009EQOES	5.0	0.424319261152	0.0563686718279	5.5	0.247768113085	0.175123060338	42.5	6
B0009EU01G	5.0	0.367283734335	0.0748092301235	4.5	0.217246310531	0.144634776	43.8333333333	6
B0009FUUO2	4.2	0.31865240619	0.133453873363	5.2	0.192214255773	0.159328845459	72.4	5
B0009G1E0K	4.49275362319	0.329820631107	0.139177835684	3.42028985507	0.216881496592	0.163931073038	46.9710144928	69
B0009G1KEU	4.83333333333	0.366527522561	0.0782680081785	4.25	0.214205758485	0.166406137732	82.9166666667	12
B0009H00WW	4.85714285714	0.235629107675	0.148855096441	4.28571428571	0.185902844483	0.173094387513	90.8571428571	7
B0009IEB0I	5.0	0.395482815421	0.0826382002372	4.6	0.215675666312	0.134610610102	110.6	5
B0009K9MUA	4.84615384615	0.327627408123	0.180764554357	4.92307692308	0.199495225325	0.179607209159	92.6153846154	13
B0009RHAT8	4.0	0.339740976351	0.16378079143	6.6	0.175384066972	0.20248524051	84.6	5
B0009RLE5Y	4.625	0.320831729175	0.103645315107	5.375	0.188701753983	0.157936901871	96.75	8
B000A1HU1G	4.8	0.326386169004	0.0769090813132	5.0	0.225834943297	0.147803406218	88.4	5
B000A2HDXA	3.54545454545	0.27180904643	0.161783348594	4.54545454545	0.192735013232	0.171633461509	69.2727272727	11
B000A2HOB6	3.9	0.385014544816	0.197618287549	4.8	0.216480084291	0.142921416701	118.0	10
B000A6ASSS	4.77272727273	0.366364734921	0.0861478247577	4.54545454545	0.231839129038	0.148838924923	63.7272727273	22
B000A6GTDG	4.0	0.354742414184	0.118426592477	5.2	0.234834315498	0.151148559434	126.6	5
B000A6GY1I	4.66666666667	0.540794104494	0.032861829326	3.0	0.22035606687	0.13193846077	64.8333333333	6
B000AAGM0M	4.46666666667	0.416813987569	0.107142474491	4.13333333333	0.208341732915	0.154005540489	92.9333333333	15
B000AC6DVS	4.25	0.165410052497	0.141879693609	4.625	0.202102647216	0.14816763978	119.0	8
B000AKSUP2	4.55555555556	0.269680598172	0.112609056444	6.11111111111	0.199403433639	0.147252586085	193.222222222	9
B000ARH3M6	4.875	0.230430395467	0.188391915183	4.5	0.198890081935	0.180088688237	158.125	8
B000B6DHAS	4.77777777778	0.258986330074	0.148804518415	5.22222222222	0.228011339251	0.138867141889	122.666666667	9
B000B6DHB2	4.42307692308	0.279148206197	0.128345765133	4.57692307692	0.197829220795	0.155420620826	126.461538462	26
B000B6FBA2	4.5	0.365971622269	0.114270076789	4.5	0.203964810281	0.162316732568	76.6428571429	28
B000BBRZ3S	4.0	0.313619382415	0.215382958593	4.5	0.202788843002	0.172512572455	237.166666667	6
B000BKY8CU	4.27272727273	0.313950020774	0.13713999604	5.0	0.213318948766	0.140956868895	48.3636363636	11
B000BNSYHW	4.625	0.342299305306	0.1148206631	3.5	0.220893159034	0.152772054216	35.375	8
B000BQTCDO	3.85714285714	0.169993571161	0.193886889785	7.71428571429	0.194979235146	0.168090651194	90.2857142857	7
B000BU5V58	4.77777777778	0.326965776116	0.127314107514	4.55555555556	0.212186276213	0.182917296689	57.5555555556	9
B000BUDO48	4.5	0.354881703495	0.165819794313	4.75	0.207564083414	0.184256098957	61.1666666667	12
B000BUGNNM	4.8	0.332695419364	0.161725028742	5.1	0.195192651912	0.170862686412	133.8	10
B000BW2D84	4.66666666667	0.272162839836	0.157381731477	5.0	0.191200608439	0.155257483606	141.666666667	6
B000BWEM42	3.83333333333	0.38980399634	0.0887178990967	6.33333333333	0.184074506532	0.192590120158	180.166666667	6
B000BYPJ1U	4.25	0.222105247563	0.159605594784	5.0	0.202628187621	0.148343634102	56.25	8
B000CBE3G4	4.16666666667	0.35488444221	0.0909913576285	5.5	0.221648797669	0.149981766452	127.333333333	12
B000CBE3GE	4.8	0.455353890329	0.102996713289	4.2	0.274336433855	0.132202879503	85.2	5
B000CBXZXG	4.2	0.250684884842	0.219915890757	5.8	0.200693571186	0.153984540883	47.0	5
B000CCIVCA	4.54545454545	0.349646679095	0.144209301213	3.54545454545	0.193922465241	0.160632003208	70.0	11
B000CCJP4I	4.26666666667	0.276456644875	0.129021854418	5.13333333333	0.239163704346	0.158893916029	87.2666666667	15
B000CCMWVG	4.28571428571	0.457782678337	0.0608549428687	5.85714285714	0.194103947804	0.187336975002	94.0	7
B000CD1R7K	4.5625	0.299063235698	0.116231600048	4.875	0.215499277665	0.15661240183	49.5	16
B000CD1R84	4.33333333333	0.318020927531	0.136960323681	5.58333333333	0.191095759443	0.16532135769	79.0	12
B000CD3QY2	4.66666666667	0.342411482387	0.11815665128	5.66666666667	0.194933838533	0.158134063183	104.0	9
B000CDT4VQ	4.5	0.322914767168	0.192033184119	4.5	0.206963653687	0.163458195254	88.3333333333	6
B000CHJTG2	3.4	0.294557730537	0.13830903261	5.0	0.181834099896	0.159847549827	159.4	5
B000CZ0RHY	4.33333333333	0.266367144997	0.159416378318	4.5	0.199109897795	0.149223260383	173.666666667	6
B000CZ0RLK	4.7	0.422393721365	0.133540998962	4.5	0.206501172318	0.15407675253	110.8	10
B000CZ0RLU	4.8	0.457983057891	0.0391862466949	6.2	0.218157782418	0.145335345098	91.6	5
B000E0PPG0	4.44444444444	0.209523111113	0.16086255903	6.22222222222	0.208699680896	0.161942245283	48.0	9
B000EE8YPK	4.0	0.319879672862	0.100908021276	3.83333333333	0.183139150371	0.166766553288	80.5833333333	12
B000EEEYCW	4.25	0.287381006265	0.111661379727	2.75	0.205913258088	0.146683427302	57.6666666667	12
B000EEGAJW	4.8	0.268909222144	0.150016593343	5.8	0.207602801414	0.158677396003	44.2	10
B000EEHCUS	4.8	0.273387417641	0.176229298313	3.4	0.255299179882	0.150190123029	31.8	5
B000EEHD4I	4.4	0.24027577548	0.235935533871	4.2	0.189838452872	0.153116869397	60.0	5
B000EEHDIE	4.83333333333	0.25686251074	0.100604152689	2.33333333333	0.216099471938	0.152543352942	49.1666666667	6
B000EEHJS8	4.83333333333	0.453281769627	0.0640448370177	4.0	0.174900790025	0.172705379375	103.833333333	6
B000EEHKVY	4.81818181818	0.270802668753	0.170366495604	4.72727272727	0.189096688597	0.166112181128	171.818181818	11
B000EEHMXA	4.625	0.304185951235	0.154891624213	4.25	0.220438836759	0.142199838423	59.125	8
B000EEHN9S	5.0	0.245651105865	0.175814452981	9.0	0.204133112359	0.163819907232	145.8	5
B000EEJ8IM	4.30769230769	0.329112345007	0.132556924542	4.0	0.20229521391	0.168213427307	53.3076923077	13
B000EEJAFS	4.66666666667	0.36399746272	0.0601061459409	5.33333333333	0.213620887714	0.145127465295	81.8333333333	6
B000EEJAWQ	4.375	0.249183699201	0.0714670805779	5.5	0.179238870508	0.174094706893	90.375	8
B000EEJE4K	3.8	0.197306106741	0.200485190394	3.6	0.179444282438	0.149494652841	85.6	5
B000EEJF4O	4.90909090909	0.277379631526	0.118303008081	4.27272727273	0.183295835244	0.17124263598	88.8181818182	11
B000EEJJ5Y	4.8	0.25474011932	0.12992769138	3.2	0.270376466836	0.120961928973	52.2	5
B000EEJJI6	4.25	0.317243607906	0.120601181845	3.625	0.199827684277	0.151219916346	65.125	8
B000EEK4VM	3.76923076923	0.25700411868	0.154314904654	3.46153846154	0.207852297487	0.158329379322	45.1538461538	13
B000EEL50Q	4.6	0.317132277866	0.108087392923	4.8	0.196791810674	0.149479223135	54.8	5
B000EEL6J6	4.58333333333	0.338094030617	0.15634510489	3.83333333333	0.231966280573	0.151699563446	49.6666666667	12
B000EEL8US	4.83333333333	0.596170619379	0.0315966956106	2.66666666667	0.197528063359	0.164442943311	59.8333333333	6
B000EELB8W	4.78787878788	0.305626819182	0.0942947267261	4.33333333333	0.206372508123	0.154949422626	66.6666666667	33
B000EELBQ4	4.375	0.46340856203	0.0766922290069	4.125	0.207034805139	0.141125327816	64.875	8
B000EELFI8	4.21428571429	0.272244120119	0.161632191255	4.21428571429	0.203789277227	0.167077320459	53.0	14
B000EELFTW	4.30769230769	0.253363187438	0.144031817989	7.61538461538	0.196748645975	0.152789603739	106.615384615	13
B000EEN9OG	4.4	0.289383956022	0.115575011575	6.4	0.211706161195	0.16029175255	132.8	10
B000EENH5W	3.66666666667	0.244659929209	0.177603056648	3.5	0.196774063512	0.155923640743	75.6666666667	6
B000EPVXWU	5.0	0.356049044094	0.130554623023	3.6	0.18520064444	0.169676431593	62.2	5
B000EXIMFI	4.4	0.389875382733	0.211306505145	2.8	0.171474727283	0.168830007161	81.8	5
B000F3JO7M	4.625	0.274121364274	0.133990522857	4.125	0.181026094998	0.15715689588	150.625	8
B000FIZISQ	4.375	0.388887037046	0.0910709949	5.25	0.208676926493	0.160404558746	169.25	8
B000FZ1KF4	4.16666666667	0.124999107149	0.148808460892	4.0	0.186814421927	0.146340408441	38.6666666667	6
B000GUR8V8	4.81818181818	0.454476894282	0.0879162270856	2.36363636364	0.195387419118	0.168152207861	52.5454545455	11
B000H2BC4E	3.83333333333	0.22411901675	0.169051950687	4.83333333333	0.164012336317	0.175582602605	140.5	6
B000HVXMNE	4.66666666667	0.307600017489	0.164663005228	3.83333333333	0.195404669051	0.171684655863	127.333333333	6
B000IO8XFM	4.57142857143	0.272778905473	0.162282074492	3.42857142857	0.213009259443	0.143376201638	77.0	7
B000J3L02U	4.8	0.262495625073	0.106942662067	3.2	0.220383712759	0.141597052025	30.0	5
B000J5UEGQ	4.22222222222	0.293714844586	0.15207587801	4.66666666667	0.180303070691	0.167667456661	97.6666666667	9
B000J5XS3C	4.68421052632	0.355453215447	0.13707747745	4.47368421053	0.205378308568	0.158535324136	100.631578947	19
B000J5Y214	4.0	0.260731691588	0.205624605858	5.33333333333	0.207222102384	0.154553502362	144.111111111	9
B000J5Y282	4.8	0.364084267552	0.0575392030463	4.8	0.199481296995	0.163564317136	147.8	5
B000JRPYGE	4.3	0.472090046847	0.140494206274	4.2	0.221589493179	0.155547451278	141.7	10
B000K69V5E	5.0	0.289472160673	0.070175069254	5.5	0.199257213895	0.144266869641	93.0	6
B000K6B4E0	5.0	0.276468961947	0.148476017368	3.71428571429	0.183276335257	0.159415730817	49.7142857143	7
B000KGYAYQ	4.7	0.219555136774	0.228111648741	4.7	0.177887829483	0.158980591398	81.7	10
B000KIPD5E	3.5	0.175864544691	0.229165029774	3.125	0.166085442375	0.186047013016	108.75	8
B000KIPT30	4.65217391304	0.260925183289	0.125736113824	3.86956521739	0.201695591426	0.141522678529	73.5652173913	23
B000KIPTE4	4.85714285714	0.452374489888	0.0773798469545	2.0	0.20935115436	0.173650248485	95.0	7
B000KIPUQG	3.75	0.301502954613	0.0630783532684	5.0	0.183458861629	0.151835214027	303.0	8
B000KIRT38	4.42857142857	0.455898218796	0.104547565635	3.57142857143	0.185010910093	0.175893743983	128.285714286	7
B000KIRT6A	3.72727272727	0.237978938624	0.175479419389	4.54545454545	0.21382307003	0.15841662879	76.6363636364	11
B000KIRT74	4.47368421053	0.299069000305	0.113787225094	4.73684210526	0.195066718829	0.16386541993	167.473684211	19
B000KITQKM	4.57142857143	0.235924510172	0.0986053707487	4.85714285714	0.187968835345	0.17502323805	202.428571429	7
B000KUCQXY	4.42857142857	0.470482190426	0.0850687355383	3.57142857143	0.200203986235	0.157370555439	111.857142857	7
B000KW2YEI	4.58823529412	0.338568863101	0.13951173812	5.05882352941	0.21398735521	0.158500192488	128.647058824	17
B000KY156E	4.4	0.447344418081	0.135604827835	3.4	0.198600003092	0.152273896201	250.2	5
B000L3FPUG	5.0	0.378314192581	0.0804704621436	4.0	0.19763169823	0.171176196754	83.4	5
B000L6GD04	4.86486486486	0.326152794173	0.100544757602	4.7027027027	0.1958380148	0.151092758229	88.8108108108	37
B000L7MNUM	3.75	0.223833525991	0.200644124684	4.75	0.212982864868	0.149602785115	96.875	8
B000LAT0AK	5.0	0.284788112625	0.124216541414	6.0	0.213867966243	0.147104754463	144.6	5
B000LFCXL8	4.57142857143	0.539706795332	0.0865874593234	2.57142857143	0.21156093159	0.157690982352	62.0	7
B000LPSNRQ	4.125	0.258486109338	0.144507982386	6.75	0.196165645119	0.164633791184	232.875	8
B000LPUV8K	4.8	0.376755232961	0.0508653384536	3.0	0.233519220956	0.14158467778	66.8	5
B000LQLDM2	4.72727272727	0.370209164706	0.114036134136	3.72727272727	0.196189068243	0.164430336311	78.6818181818	22
B000M23OQ8	4.66666666667	0.317358466457	0.117967766935	3.11111111111	0.243448470718	0.145179595074	38.7777777778	9
B000MFK1ZW	4.6	0.359370507869	0.111977766945	2.4	0.203181208826	0.149497599024	149.6	5
B000MFN8B6	4.3	0.299711738815	0.0807424967569	5.0	0.18307898521	0.156673404142	59.0	10
B000MO2QJM	5.0	0.278470365753	0.163193356489	5.0	0.216183152665	0.156873981923	159.6	5
B000MVYOZY	4.8	0.355486240296	0.0754136408205	3.66666666667	0.20284149298	0.154451385312	141.333333333	15
B000MWWT6E	4.4	0.348767961829	0.0997011346882	3.8	0.225254306936	0.151741435578	191.0	5
B000N4WHYK	4.8	0.38143592634	0.134847258964	3.6	0.226309832953	0.15182031594	48.4	5
B000N5MK8M	4.16666666667	0.247714535237	0.180653858635	6.0	0.192169021311	0.15904382519	146.333333333	6
B000N5YEDG	4.125	0.422002570817	0.0786453418	4.75	0.249604941034	0.134210476605	46.75	8
B000NE4UN6	4.2	0.249390282859	0.106422724255	5.4	0.216140723783	0.14180030545	59.0	5
B000NGVQKO	4.5	0.339088127606	0.146106687158	5.25	0.19596735915	0.163100907994	60.75	8
B000NJ2TIE	4.63333333333	0.373274661298	0.10427627324	4.23333333333	0.24473618585	0.142017789103	69.2	30
B000OMG0KI	4.625	0.284061553128	0.0941663527788	3.8125	0.188001028915	0.165019553403	108.625	16
B000OR2QX8	4.66666666667	0.346151183453	0.123797124637	4.5	0.213921332773	0.136921342281	137.0	6
B000OR5928	5.0	0.448979393426	0.0963285623413	2.625	0.205717732853	0.160770914911	98.125	8
B000OR88JE	4.5	0.306964227307	0.107374700932	4.125	0.19420053982	0.173367790151	73.5	8
B000OY4WA6	4.83333333333	0.241896804277	0.155918445956	5.66666666667	0.187235418902	0.160355005543	226.5	6
B000OY4WDI	3.16666666667	0.185782491609	0.173407726732	6.66666666667	0.200469910044	0.164161874142	246.666666667	6
B000OY707S	4.125	0.346351280406	0.105901895262	2.875	0.187495957051	0.154168560405	99.375	8
B000P5LVSK	4.78571428571	0.343853446673	0.118106222624	5.14285714286	0.217094155866	0.153488527273	60.4285714286	14
B000P5NXWM	4.2	0.463687164139	0.082014720303	4.6	0.203200796111	0.174275192469	61.2	5
B000P5OUCE	4.69230769231	0.401057919578	0.0974162770016	4.15384615385	0.23506720828	0.14667140441	54.3846153846	13
B000P5OULA	4.33333333333	0.410853100773	0.0970702911087	5.33333333333	0.209868416369	0.161468546303	118.777777778	9
B000P5RVRU	4.4	0.253192756493	0.248609453715	6.4	0.16879519649	0.181807021976	141.8	5
B000PAPO9W	3.77777777778	0.338939700464	0.0891018787035	3.88888888889	0.195407217287	0.165407151796	145.222222222	9
B000PO30QM	4.47727272727	0.348947593168	0.121246923277	3.63636363636	0.214808288357	0.153541837292	46.1136363636	44
B000PR3JEM	4.8	0.412493125115	0.106942662067	3.6	0.224898331335	0.136801889862	79.8	5
B000Q87DAQ	4.6	0.29865858101	0.181992747671	5.8	0.198041952338	0.173114676023	180.4	5
B000QGCJU2	4.1	0.309224953576	0.142201812145	5.0	0.224838524657	0.16406131744	69.0	10
B000RKAFIU	4.8	0.336801813313	0.0907728009371	4.0	0.223297814653	0.146202720099	58.4	5
B000RKL8R2	5.0	0.416187501997	0.0530379734529	4.0	0.211517007969	0.140443976039	84.1666666667	12
B000RKVH0K	4.875	0.374771921282	0.0923909026483	5.625	0.202365733461	0.14459172142	76.125	8
B000RMQM4E	4.83333333333	0.316488540233	0.116389474769	3.66666666667	0.240311610633	0.131138419674	57.1666666667	6
B000RN53LQ	3.4	0.22866911046	0.164641759531	5.4	0.194428002573	0.141598055749	258.4	5
B000RNB720	4.72340425532	0.285516044167	0.155463885092	4.63829787234	0.205498821582	0.155072859634	89.7872340426	47
B000RPUMII	4.25	0.362775359275	0.122419818789	3.125	0.206820048188	0.163489678144	136.25	8
B000RVWY42	4.33333333333	0.226921331374	0.140063025156	5.83333333333	0.21622063497	0.161877171876	73.5	6
B000RVYPQ2	4.4	0.221588894646	0.145832007588	4.4	0.214962387742	0.14025477771	65.0	5
B000RW0GT6	4.375	0.36287253596	0.0942952722465	5.625	0.213660343192	0.160144436052	258.875	8
B000RW0O02	4.6	0.276600436407	0.111537603557	5.0	0.190994563459	0.15443720329	192.0	5
B000RW2DUQ	4.4	0.311733151765	0.135197431492	5.4	0.271430028568	0.130327652195	46.4	10
B000RWJQRE	5.0	0.261715478557	0.0403640787824	4.6	0.209340945008	0.130801412502	83.4	5
B000RXN6SS	4.55555555556	0.381240814953	0.137620092966	3.66666666667	0.203646970776	0.169968028852	87.1111111111	9
B000RXPN02	4.63636363636	0.393164696619	0.107245466638	5.0	0.222119641186	0.140995614883	33.7272727273	11
B000RY68PA	5.0	0.321655975761	0.0943570491573	3.55555555556	0.243936214719	0.131579731606	54.8888888889	9
B000RYE5Y6	4.875	0.403837493766	0.13667636689	3.875	0.21310180372	0.128346377623	36.25	8
B000RYPN38	4.85714285714	0.485573187899	0.0445509393518	3.85714285714	0.269861456647	0.130251623545	41.1428571429	7
B000S5V510	5.0	0.396917987875	0.0946412797882	5.4	0.21347916875	0.137908366164	186.2	5
B000SAC5PA	4.28571428571	0.359164272238	0.128054701858	4.14285714286	0.251478964471	0.147419843613	48.0	7
B000SJJCX4	4.35714285714	0.358721716323	0.108072241215	3.0	0.208841172439	0.158239871363	85.7857142857	14
B000SL0NCQ	4.0	0.384371156289	0.119790468762	3.4	0.245085552503	0.185733057161	37.4	5
B000SZVYLQ	5.0	0.373554818809	0.0895826442361	5.0	0.192380632111	0.170259682722	140.8	5
B000T4PJC6	4.5	0.279372206278	0.130623693763	4.83333333333	0.226030407771	0.153814855326	126.166666667	6
B000T4SI1K	4.85714285714	0.290947134427	0.0741397173754	5.14285714286	0.193554008347	0.152924084678	170.571428571	7
B000T517Y4	4.33333333333	0.421091118181	0.11915848145	4.83333333333	0.194350995611	0.183827391083	214.5	6
B000T9NKEU	3.2	0.168668574344	0.309693130566	4.2	0.176027238304	0.180255940025	180.6	5
B000T9PE9E	4.33333333333	0.272183672789	0.197238466663	3.16666666667	0.19282575423	0.179895118036	165.0	6
B000TGHVGQ	4.0	0.453537131295	0.078570642865	3.4	0.225291272266	0.17119314751	87.2	5
B000TGSM6E	4.0	0.276833999203	0.163937711408	3.44444444444	0.186098568225	0.177393941886	52.1111111111	9
B000U0DU34	5.0	0.34526201277	0.11022627067	4.14285714286	0.202203951868	0.151055372091	214.285714286	7
B000UF3SEA	4.44444444444	0.178929839836	0.199679756837	5.11111111111	0.190908895098	0.155935594459	175.888888889	9
B000UJCTVE	4.64285714286	0.384373869489	0.067931347821	4.14285714286	0.197335684075	0.153799287894	58.2857142857	14
B000UJFR4A	4.61538461538	0.311152115529	0.119789113528	4.84615384615	0.200430383867	0.142638326119	53.6153846154	13
B000UJHHLQ	4.57142857143	0.348438461895	0.109508398387	3.85714285714	0.198193084735	0.148536001238	58.7142857143	7
B000ULAP4U	4.53846153846	0.366435120045	0.148218258056	5.46153846154	0.217640199988	0.160461180601	116.346153846	26
B000UMFQHA	4.2	0.36271088513	0.0967636024289	4.4	0.204640442999	0.149725246672	67.4	5
B000V4YFLA	4.0	0.268380774231	0.219361454737	5.33333333333	0.198822158068	0.152196626227	150.333333333	6
B000V8GA46	4.2	0.203190793504	0.241880917966	5.8	0.171629185798	0.155546742637	68.6	5
B000VBC5CY	5.0	0.345612726056	0.124736219978	4.16666666667	0.191832256749	0.144798436143	97.1666666667	6
B000VBH2IG	4.41176470588	0.317871108749	0.106433614836	5.82352941176	0.204490883554	0.15724158158	235.529411765	17
B000VJ2VCK	4.33333333333	0.223830695808	0.118497256981	4.83333333333	0.198193128659	0.170726366493	126.0	6
B000VJJQUU	4.1724137931	0.273391837481	0.131674934934	3.8275862069	0.213952328123	0.151597085135	40.3448275862	29
B000VJZOLK	5.0	0.262776025938	0.108888162968	5.5	0.185109352025	0.142094895514	244.666666667	6
B000VOBU9U	4.25	0.240891378457	0.139554689997	4.75	0.21275019217	0.158084516687	63.75	8
B000VTPQWW	4.66666666667	0.363836686881	0.097097520732	4.16666666667	0.212812300209	0.155172304801	69.3333333333	6
B000VTPR08	4.875	0.384903829449	0.107206805236	3.75	0.211403551785	0.164579272736	81.375	8
B000VUNEZM	4.25	0.324998289483	0.168529814755	4.125	0.202974027779	0.16110560253	50.5	8
B000VZYS66	5.0	0.231651812562	0.133810454361	5.125	0.202717246757	0.157048450672	188.625	8
B000W00X1Y	4.71428571429	0.314821296246	0.137098304372	3.28571428571	0.198885491952	0.155337619719	185.571428571	7
B000WF1AMU	4.71428571429	0.265623102692	0.175593983852	3.71428571429	0.198256246512	0.190738081386	64.8571428571	7
B000WGJ71U	4.33333333333	0.335545650884	0.142534418518	4.0	0.192793632302	0.147019431477	114.666666667	6
B000WN4J9S	4.75	0.364714896426	0.0931225415692	3.75	0.203292571403	0.148008626778	39.375	16
B000WS1QC6	4.83333333333	0.283330500028	0.162498375016	4.5	0.188538289365	0.174680908724	65.1666666667	6
B000WYCS7M	4.6	0.270827916775	0.129164083385	3.8	0.199743676931	0.161326639653	36.0	5
B000X31R2E	4.55555555556	0.387199615241	0.113243238739	3.77777777778	0.210127730537	0.154792928193	38.0	9
B000XPO0IU	4.38461538462	0.364750578197	0.124978577506	5.61538461538	0.20891489657	0.15498398224	81.8461538462	13
B000XPPR2S	4.28571428571	0.27189732581	0.194660463243	6.57142857143	0.202386679762	0.154310496655	128.142857143	7
B000XPPURU	4.26666666667	0.328420608188	0.138109419245	5.06666666667	0.194574852939	0.16073547711	109.8	15
B000XPQ1YG	4.0	0.344094354769	0.0874744694588	3.33333333333	0.222562443353	0.138867878376	65.5	6
B000XPRQIG	4.66666666667	0.3001808411	0.174746824292	3.33333333333	0.190282002036	0.17223745631	55.8333333333	6
B000XPRSTI	4.83333333333	0.402338720766	0.13541497398	2.66666666667	0.224379290567	0.128352666461	60.0	6
B000XUUXB8	4.85714285714	0.290138183308	0.134042009201	3.14285714286	0.230093384625	0.169877806313	34.2857142857	7
B000XXBHA6	4.2	0.249394009957	0.172271251159	4.9	0.178850773253	0.173791850611	90.2	10
B000Y30NAA	3.88888888889	0.388972453007	0.0668397207801	3.22222222222	0.188830844982	0.148515853833	95.8888888889	9
B000Y35C8S	4.38461538462	0.24407045229	0.178070716289	3.92307692308	0.210112006054	0.147486131082	94.6153846154	13
B000Y60NFC	4.8	0.242359091452	0.160415329872	4.4	0.186842866243	0.165338860393	174.4	5
B000Y7Q2C4	4.6	0.313380204948	0.104486777615	9.8	0.223486193647	0.16461851235	292.6	5
B000ZJTPLG	3.14285714286	0.225270759692	0.134057388156	6.85714285714	0.204037618412	0.158952330886	162.571428571	7
B0010CAEFS	4.06666666667	0.336106408956	0.125144462588	3.53333333333	0.210115479189	0.143566176993	53.6666666667	15
B0010CHS8E	5.0	0.224266484287	0.114024347416	3.8	0.204011559838	0.144406846686	102.4	5
B0010CZ8GS	4.8	0.379600666382	0.0859509603227	4.2	0.233377592291	0.131843521959	47.8	10
B0010GNU9Q	4.28571428571	0.326262550506	0.125966362145	3.71428571429	0.167769781621	0.163331444588	88.1428571429	7
B0010KCP98	3.4	0.288816556279	0.149918372611	4.8	0.180064285433	0.133469825081	67.8	5
B0010SHU18	4.05263157895	0.327507333732	0.145652115868	2.94736842105	0.193334146009	0.167579269897	56.0526315789	19
B0011WHG5S	4.16666666667	0.303994938777	0.195915331581	4.66666666667	0.204091932675	0.178853359705	89.6666666667	6
B00135HFK4	4.8	0.278812400407	0.113743554712	4.4	0.190166294594	0.1514715718	92.8	5
B0013PU75Y	5.0	0.543414170393	0.0498071299861	3.5	0.278431897278	0.133980993922	39.0	8
B0013V1BYY	4.5	0.301035973326	0.146788917494	2.83333333333	0.206007107415	0.169795589202	38.3333333333	6
B0014IEBM0	3.0	0.372380512608	0.152537618126	6.0	0.21703931124	0.155562221935	194.285714286	7
B00154OJOI	4.48	0.344844048287	0.113723071979	3.96	0.192793840795	0.158528232886	74.96	25
B0015RIN6U	4.96296296296	0.290880670687	0.139326957388	4.33333333333	0.210650188747	0.165838462962	84.1481481481	27
B0016MJ1T2	4.28571428571	0.296075942627	0.138311269187	4.57142857143	0.201216196679	0.159682523444	105.857142857	14
B0016ML1C2	4.07692307692	0.319344009849	0.0827492238583	4.84615384615	0.225826324142	0.155237303688	61.8461538462	13
B0016ZZKJO	4.84	0.289251226657	0.0867543422051	4.2	0.203795050904	0.152271615185	110.16	25
B00178JDCK	4.25	0.335626053096	0.154225812538	4.125	0.203109305944	0.156863691451	230.75	8
B00178LDW8	4.71428571429	0.413458358013	0.0424676220439	4.42857142857	0.203888776421	0.145282274367	235.142857143	7
B0017HZ47Y	4.0	0.368920536773	0.192706727444	4.2	0.168772651362	0.182568493376	94.2	5
B00186L9X2	4.77777777778	0.300205734095	0.108953977633	5.0	0.217609259729	0.140105546741	120.888888889	9
B0018L46WS	4.66666666667	0.441131318384	0.13925833087	4.66666666667	0.209435916054	0.134704913246	86.6666666667	6
B0018PZR86	4.0	0.340360328829	0.159112594426	4.0	0.209168207667	0.167600581736	52.8	5
B0018SJLFS	4.125	0.291339324963	0.117620792648	4.875	0.191717631647	0.153153262744	139.0	8
B0018TAITA	4.72222222222	0.270083035165	0.191721470835	3.66666666667	0.2265684254	0.183718574829	42.1111111111	18
B0018TC3I4	4.16666666667	0.37078064032	0.137151634847	2.66666666667	0.211728483658	0.153631685585	105.833333333	6
B0018TG8HQ	4.5	0.362170099552	0.150164078516	4.21428571429	0.211111989484	0.148845744886	73.0714285714	14
B0018TIAA4	4.5	0.29218603907	0.13355587984	7.16666666667	0.19412966363	0.178184120099	150.833333333	6
B0018TIADQ	4.54385964912	0.276047892996	0.189964110412	3.77192982456	0.210866882489	0.166782237056	58.2807017544	57
B0018TIAL8	4.2	0.291569319067	0.145453223153	3.8	0.200683564401	0.150943574523	73.8	5
B00191WVF6	4.76923076923	0.271725612337	0.116587264607	3.84615384615	0.193649833565	0.157320090891	42.3461538462	26
B0019H6750	4.4	0.438981824069	0.0639871811355	3.0	0.192353612461	0.165647161325	108.8	5
B0019QJW2G	4.71428571429	0.253227900527	0.0931245343773	6.42857142857	0.194844083978	0.155768277062	121.0	7
B001AH83UG	4.53333333333	0.276942329435	0.170699120263	6.6	0.213762930505	0.161925765908	112.0	15
B001AS6OYC	4.8	0.375456831506	0.0933746265015	4.9	0.223681305356	0.156042205674	79.1	10
B001BY4RQM	5.0	0.735104345532	0.0297613095357	1.8	0.264355572277	0.160495209689	41.8	5
B001C74GLY	5.0	0.230813242829	0.109385605459	5.2	0.206447178183	0.129763955671	56.6	5
B001C9R5P6	4.8	0.217031297561	0.122251806854	4.0	0.187315940857	0.159731195535	174.6	5
B001CJ2QZU	5.0	0.356766373754	0.158852181014	4.2	0.208859654525	0.157221222804	363.8	5
B001D2TPZU	4.85714285714	0.227460053393	0.120074665988	3.57142857143	0.191232859262	0.146734414288	49.5714285714	7
B001DW6RJC	4.23076923077	0.2780199066	0.206457645141	4.38461538462	0.210806023487	0.158375614326	94.8461538462	13
B001E3BSKS	4.8	0.319977060893	0.125657926029	3.6	0.204633538123	0.143751816303	148.0	5
B001E3SFKO	4.8	0.249997222253	0.0768509979519	2.8	0.20909624184	0.164942836867	54.6	5
B001E43SK0	3.0	0.261221803495	0.192816174876	6.6	0.231454410199	0.146288930547	94.4	5
B001EC5ECW	4.5	0.291123308507	0.227389448759	2.66666666667	0.208057770831	0.177699798918	45.5	6
B001EL6I8W	4.5	0.427955608745	0.106470470679	4.7	0.221535719667	0.154238144414	169.0	10
B001ELP5WM	4.8	0.301954325668	0.0882567734233	3.6	0.210813083483	0.126459349785	81.6	5
B001EW5YQS	4.16666666667	0.242010004459	0.187655653943	5.66666666667	0.219215060215	0.150863601335	88.1666666667	6
B001EZIEVW	4.0	0.312585242629	0.189269886984	5.33333333333	0.240677486055	0.155780223859	104.166666667	6
B001FB5Z44	4.83333333333	0.299402765886	0.1407530299	3.66666666667	0.245626710042	0.163378617277	53.8333333333	6
B001FB5Z8K	4.33333333333	0.333538331283	0.192914737519	3.16666666667	0.233779422458	0.144748420621	89.0	6
B001FQ74FW	5.0	0.578115364744	0.029513396999	3.8	0.163661244344	0.166029772704	61.4	5
B001FSZR4U	3.9375	0.243101820446	0.154817792642	4.4375	0.183157355119	0.162621125596	69.9375	16
B001G3TJXO	4.63636363636	0.269601047268	0.113067667874	4.36363636364	0.187295490816	0.14387650817	158.454545455	11
B001GD07SK	2.875	0.264198170887	0.199654337659	4.625	0.184819439411	0.173790349519	112.25	8
B001GGYF4E	4.33333333333	0.458527924966	0.120212291882	4.0	0.231351127304	0.134222311473	99.3333333333	6
B001GH4H3W	4.71428571429	0.277520469191	0.124999342109	5.42857142857	0.182166347545	0.159730587023	111.0	7
B001GWCC4I	4.55555555556	0.305775512245	0.10274799504	3.88888888889	0.192236963832	0.164471744883	89.8888888889	9
B001HNE622	4.66666666667	0.274036353566	0.0945505547394	4.16666666667	0.172517741875	0.157203374802	62.8333333333	6
B001I1PWTY	4.66666666667	0.373838438832	0.113424665652	3.33333333333	0.220875463983	0.137954005037	51.1666666667	6
B001I8ITQA	4.33333333333	0.303314160001	0.174616099681	4.83333333333	0.19984780865	0.15856844646	421.333333333	6
B001IM5KFY	4.85714285714	0.431881127153	0.1037230403	4.57142857143	0.212977080051	0.16790807901	131.142857143	7
B001J1JRN0	5.0	0.328429440611	0.115195400811	5.0	0.200515135796	0.149645104204	251.833333333	6
B001J1SX94	4.44444444444	0.32128063566	0.108568405571	4.77777777778	0.197495564462	0.150322205899	66.7777777778	9
B001J5RYXQ	4.33333333333	0.291523296106	0.132149020535	4.0	0.215098684608	0.161375934958	163.0	12
B001JI2KHS	4.4375	0.309163082354	0.113950485891	5.6875	0.201696843085	0.150238237197	41.75	16
B001KD2CPC	4.2	0.241948558043	0.137782838338	5.2	0.177338842586	0.172982488799	93.6	5
B001KXKGBY	4.57142857143	0.298063347167	0.11845153487	3.57142857143	0.221274415928	0.160817634437	40.8571428571	7
B001L8IJ0I	4.8	0.238101817008	0.169422667199	7.2	0.194753494508	0.156976761435	312.4	5
B001L8IKLG	4.2	0.367785632418	0.0681084504478	5.0	0.182636505852	0.161380881362	101.8	5
B001L8KE06	5.0	0.195543490736	0.126336579765	7.8	0.209438720226	0.145476046719	422.2	5
B001L8MDMS	4.71428571429	0.277026396403	0.151823481765	3.57142857143	0.199517697027	0.163864394932	41.7142857143	7
B001L8NGJ2	4.46666666667	0.27519544644	0.151256667938	3.26666666667	0.184922392835	0.15782381096	76.1333333333	15
B001L8PIFW	3.625	0.198749998751	0.119914311899	4.75	0.18728943051	0.158858643352	74.5	8
B001LJUVO4	3.4375	0.239582584638	0.163215635785	4.8125	0.193482991992	0.164829422362	72.6875	16
B001LNN30E	5.0	0.493573304056	0.087716465661	5.0	0.229996788867	0.159731788061	191.833333333	6
B001M59AS0	4.16666666667	0.17360918212	0.244210249516	3.83333333333	0.21986211225	0.16341161925	46.1666666667	6
B001MMYVZU	4.52941176471	0.282565731375	0.139644624727	4.47058823529	0.2037070266	0.149159240243	63.2941176471	17
B001MSS6CS	4.4	0.278360477149	0.121732401216	3.3	0.203627299954	0.166827632662	60.4	10
B001NXDSK2	4.6	0.261497049913	0.224410889335	5.6	0.168719090792	0.184350746017	217.0	5
B001OLW0J8	4.44444444444	0.179691134456	0.159316687083	6.33333333333	0.205634358382	0.142178803733	88.6666666667	9
B001OLZYUU	4.57142857143	0.153514665533	0.177472849128	5.0	0.185937198382	0.166381382709	116.0	7
B001PGXHW6	5.0	0.341624290594	0.0607632137421	3.6	0.205348088925	0.130677823385	40.6	5
B001PGXHX0	4.63793103448	0.332275951957	0.130803993109	3.37931034483	0.232057012424	0.15130830082	31.8620689655	58
B001PGXHYO	4.4	0.339348081318	0.104628467091	3.6	0.216919094433	0.156119326701	61.8	5
B001PGXIHK	4.2	0.257227519136	0.125854605974	3.8	0.199123848551	0.172889603683	73.6	5
B001PGXJGU	4.66666666667	0.287497386387	0.154922834035	5.33333333333	0.219399220996	0.13625496018	85.5	6
B001PGXKC8	4.32727272727	0.344761038169	0.093476699336	4.2	0.209906721496	0.151294324253	44.9090909091	55
B001Q8DJO4	5.0	0.455495612673	0.0854231426692	3.28571428571	0.259604889333	0.149766864004	35.5714285714	7
B001QJGYIG	4.5	0.238569187596	0.151486547097	8.625	0.204148252045	0.164824183961	118.0	8
B001QWBM62	4.3	0.382920392476	0.10259368234	5.2	0.194565505982	0.153508033213	272.7	10
B001R2LQWQ	4.14285714286	0.3488950065	0.103920957328	3.85714285714	0.208886331827	0.158346189054	169.857142857	7
B001R76D42	4.55555555556	0.330364378675	0.0788034509309	5.0	0.213741063526	0.158261380114	220.555555556	9
B001REJX1U	4.28571428571	0.304015685602	0.158927436233	4.57142857143	0.215133552422	0.154612615635	93.2857142857	7
B001RMFSDE	3.9	0.286639573242	0.208554144619	3.2	0.179716805283	0.17802728433	48.4	10
B001RNH8YA	4.875	0.410524155136	0.069062919719	4.75	0.21360993721	0.143381150149	70.625	8
B001RNHE30	4.77777777778	0.344281361754	0.131096085205	5.11111111111	0.223589149545	0.161931164734	105.888888889	9
B001RNOHHG	4.5	0.316591206601	0.101636565973	5.6	0.198899331956	0.147662312794	122.0	10
B001SC4I16	4.33333333333	0.269865458098	0.150770761235	5.46666666667	0.200551334672	0.171260104445	158.6	15
B001U5PCFM	3.71428571429	0.221953420871	0.188902111291	4.14285714286	0.199799935241	0.167053249709	199.142857143	7
B001UJEKZ6	3.33333333333	0.336802748866	0.1583320139	4.0	0.220889919917	0.126493444563	62.5	6
B001UYKGUE	4.57142857143	0.315465737782	0.158643412538	4.57142857143	0.20392022228	0.164732841568	79.0	7
B001V5K2S8	5.0	0.369561901737	0.136264954744	4.125	0.209695532879	0.158847668838	87.625	8
B001W99HE8	5.0	0.466376429425	0.0771969018018	4.15	0.205733430357	0.16028011054	89.95	20
B001XJBWXG	5.0	0.335224225234	0.0880673812057	4.66666666667	0.217698027027	0.141959416368	57.3333333333	6
B002024UDE	4.28571428571	0.265883754893	0.121173120873	4.57142857143	0.198138091858	0.149105475638	90.7142857143	7
B0023BYDHK	4.11111111111	0.289639594595	0.0922613921986	4.88888888889	0.198441426745	0.150404350474	141.111111111	9
B002433RXI	4.85714285714	0.427944256485	0.0815958622912	2.71428571429	0.217131034618	0.14528897797	44.2857142857	7
B0025PM6DM	4.28571428571	0.220020703474	0.159720447551	4.0	0.156330552709	0.159448813774	34.2857142857	7
B0025V1REU	2.71428571429	0.226875884289	0.142036915015	2.0	0.186753591581	0.176520124272	58.1428571429	7
B00267OCTA	4.69230769231	0.378570076535	0.127922587351	3.15384615385	0.218306170721	0.154896470769	37.3846153846	13
B0026KEGLQ	4.6	0.412943478975	0.0997016687976	4.6	0.228030209037	0.142007431598	44.6	5
B0026RB0G8	4.35483870968	0.37777636841	0.0913945018471	3.67741935484	0.216245771001	0.14994425328	48.4516129032	31
B0027842S4	5.0	0.392761090731	0.154165855267	2.2	0.264579313578	0.149143884649	33.8	10
B0027M30Z6	4.33333333333	0.355046183812	0.106352820787	4.58333333333	0.193760620125	0.158647680417	100.166666667	12
B0027V760M	3.72727272727	0.299618209117	0.139928504071	4.63636363636	0.191884274549	0.154006601778	100.545454545	11
B002AQNGIU	4.6	0.34019002725	0.0848955975122	4.46666666667	0.188071167126	0.152090189525	66.7333333333	15
B002B8EWVW	4.4	0.335224225234	0.109847486235	5.0	0.193149629509	0.183751520995	83.8	5
B002C4SM5W	3.4	0.296158388611	0.146240969824	6.6	0.184786400131	0.163945947639	293.2	5
B002C741B8	3.5	0.289770092999	0.106059641882	5.5	0.231889956802	0.137689991763	59.3333333333	6
B002C741BI	3.92307692308	0.267434122765	0.128993377238	4.76923076923	0.185941689652	0.157275893905	218.384615385	13
B002CMLPYY	4.8	0.330627205091	0.10064400257	4.2	0.218758380339	0.13922487241	65.4	5
B002DC8OE2	4.16666666667	0.312339332269	0.0916973987105	4.0	0.190195354458	0.174115813589	163.5	6
B002DYJEMQ	4.71428571429	0.254626800443	0.19212749488	3.42857142857	0.223592265821	0.145908673284	40.5714285714	7
B002EWV8IU	4.7	0.239048532354	0.158101446464	3.6	0.20245968757	0.153572846443	82.25	20
B002EWV8NA	4.2	0.278006170302	0.1097210031	4.4	0.185134558219	0.158661512715	195.0	5
B002G1UT5C	3.9	0.235732059628	0.120109972265	4.3	0.189342617292	0.159646210368	86.1	10
B002GHBZ4U	4.75	0.291818169442	0.103784704613	6.25	0.204171443504	0.14922529447	254.75	8
B002GYWBIM	4.3	0.4123453229	0.0672968229137	5.6	0.218458704511	0.141973648692	116.9	10
B002GYWBJ6	4.7	0.219550437626	0.0981566737564	5.4	0.194750661934	0.151736207807	265.9	10
B002GYWBKU	4.55555555556	0.277032410957	0.107886391017	5.0	0.205005244771	0.133957310243	132.0	9
B002HFC6P8	4.8	0.413255990277	0.0802239763474	2.6	0.210841307719	0.143885717913	38.0	5
B002HJ61PK	3.33333333333	0.357369045879	0.0897428994136	5.0	0.230378503757	0.160137758213	58.0	6
B002HPMTZU	4.41176470588	0.266849705344	0.153229591342	5.05882352941	0.204891559623	0.153748542621	60.5294117647	17
B002IC1D5E	3.66666666667	0.365557611098	0.198891986092	5.33333333333	0.185655149815	0.167156892551	80.6666666667	6
B002IJK0H4	4.83333333333	0.380399883715	0.0774450492827	4.83333333333	0.189802969441	0.161937536094	51.3333333333	6
B002KDHBRU	4.33333333333	0.428568367369	0.0928564795966	2.66666666667	0.195458177298	0.155396593217	85.7777777778	9
B002M8EEW8	4.4	0.307462715588	0.141425103509	5.0	0.190031692605	0.158569831488	86.4	5
B002M8GBDI	3.6	0.306631132823	0.191258909922	5.8	0.194327470818	0.163599309742	147.6	5
B002MWKOAA	4.8	0.363633057881	0.0549237431175	4.2	0.198324234579	0.14759782757	87.6	5
B002N4GBLI	4.66666666667	0.380552384286	0.120832326397	3.33333333333	0.190661037105	0.148375996685	62.0	6
B002NG7DEK	4.25	0.278256943035	0.15013086096	5.33333333333	0.218350361811	0.150561873829	46.8333333333	12
B002PAW6EG	4.4	0.203991355628	0.220484273742	3.2	0.185555272702	0.192990964332	66.6	5
B002PMHAVS	4.66666666667	0.376514092002	0.121427357155	3.66666666667	0.228748756327	0.138924229517	60.8333333333	6
B002Q0WSO8	4.6875	0.355822429694	0.132798236122	4.5625	0.210379267509	0.155778270561	137.1875	16
B002Q0WT6U	4.4	0.366916527043	0.144980922041	3.0	0.183629631377	0.151793346478	43.6	5
B002QJVTNA	4.55555555556	0.280491149283	0.0908139811486	4.66666666667	0.210931950316	0.158338452865	53.4444444444	9
B002QKRUJG	4.125	0.326920562149	0.118588831368	2.5	0.211712218071	0.162880512115	129.125	8
B002QQC1ZI	3.8	0.293468422557	0.119911397777	4.8	0.187689960354	0.170794373309	156.0	10
B002R2IUEW	4.5	0.37822727553	0.111457776044	5.625	0.219514871155	0.135691812876	76.625	8
B002RLLD88	5.0	0.423771746451	0.136440282939	1.83333333333	0.24669593518	0.101392654358	25.3333333333	6
B002T45X1G	4.875	0.283480117999	0.128719318672	4.0	0.220450428819	0.15638682867	121.75	8
B002UXS4JO	4.45454545455	0.255968062117	0.133554448998	5.45454545455	0.193022639223	0.146747094438	114.909090909	11
B002VA464S	4.53333333333	0.346693070063	0.146005673407	4.8	0.212209154984	0.158593770765	192.266666667	15
B002X8Y4SQ	4.44444444444	0.267461031744	0.160997450752	3.77777777778	0.215006972382	0.165933271161	116.944444444	18
B002Z9JWZ8	4.8	0.349636006534	0.0803561384054	4.4	0.223037160375	0.142129869564	122.8	5
B002ZH9JQC	4.9	0.244061279694	0.175519955734	3.7	0.227273040451	0.145618552718	69.7	10
B00315D0E4	4.83333333333	0.266047904672	0.160222875305	5.33333333333	0.21693542744	0.168627881456	76.3333333333	6
B0033P1O6S	5.0	0.250458818261	0.175202125705	5.0	0.218898324711	0.140234743969	112.1	10
B0033PSGSW	4.54545454545	0.354548227259	0.155032558171	4.0	0.21320053958	0.15151839218	112.818181818	11
B0033PSLSM	4.0	0.263885956823	0.176992335413	4.16666666667	0.187131410301	0.153116477023	177.5	6
B00352MHGA	4.8	0.265897723345	0.111841516624	8.2	0.198041946027	0.152527652812	97.2	5
B0035LCFRW	3.83333333333	0.265970744607	0.168401842212	4.33333333333	0.1916872634	0.158876542096	78.8333333333	6
B00378GEAM	4.44444444444	0.364368239807	0.132498129925	4.88888888889	0.211199898483	0.149579751056	156.0	9
B0037GXRHM	3.88888888889	0.285861733992	0.171725372736	4.11111111111	0.198789093436	0.170553875168	109.666666667	9
B0037M4CPM	4.4375	0.379647865176	0.0879007148261	3.75	0.191307270232	0.159897300574	67.5625	16
B0037M62AK	4.11764705882	0.241492506709	0.186079122547	4.76470588235	0.207133653171	0.161882824899	59.8823529412	17
B0037M62JQ	4.9	0.370797214615	0.142694772963	4.3	0.196214851145	0.171156385178	85.8	10
B0037M62KA	4.55	0.408323386567	0.082532730896	4.95	0.212037936126	0.152669161019	69.05	20
B0037M62M8	3.57142857143	0.379857945628	0.105108251082	3.42857142857	0.215760237211	0.159589979184	71.4285714286	7
B0037MA77E	4.3	0.492185262794	0.0651512190096	3.5	0.220916362304	0.162328733835	45.6	10
B0037MC786	4.11111111111	0.271410529201	0.110035764352	4.11111111111	0.207796267323	0.150329950382	58.3333333333	9
B0037ME50Y	4.66666666667	0.373942326329	0.108172660874	3.5	0.213623019043	0.142680125135	38.9166666667	12
B00389KMQM	5.0	0.427513798496	0.144530045583	2.85714285714	0.253037530049	0.148153583071	77.7142857143	7
B0038MTH8S	4.8	0.341142990475	0.09707260376	4.0	0.193472227801	0.162414564873	372.2	5
B0038O9NLM	4.4	0.373409586666	0.146204138775	5.2	0.210828691184	0.168114838229	81.2	5
B0039HBNMA	4.88888888889	0.312218989219	0.104309106573	5.88888888889	0.212003226692	0.156799810682	61.1111111111	9
B003AAEGZ2	4.63636363636	0.353900805658	0.0865627305437	4.54545454545	0.199389288854	0.1458658708	172.727272727	11
B003AJMPW4	5.0	0.329611156349	0.120578772506	4.0	0.213997311224	0.153447486767	42.0	9
B003AM913C	3.2	0.281592529013	0.151039149348	2.8	0.191601359235	0.162336649317	96.0	5
B003AYC1SM	5.0	0.351187967705	0.086181357208	5.0	0.203497591144	0.152753070982	338.8	5
B003AYEAHC	4.375	0.281016957313	0.147221404326	4.5	0.253072859304	0.131807260643	68.125	8
B003AYJU5O	4.4	0.175191117357	0.233164465341	6.8	0.17149388493	0.175171784422	138.0	5
B003AYK8XW	4.875	0.270506121837	0.133137188726	4.0	0.227468444439	0.151145282876	39.125	8
B003AYNFRS	4.8	0.316464737693	0.160051131707	3.2	0.199229716015	0.165343759982	58.6	5
B003AYNHGW	4.72727272727	0.363046334844	0.127630907206	2.81818181818	0.177517141347	0.170737461344	59.1818181818	11
B003AYPT8G	5.0	0.281625106626	0.150832327785	5.6	0.204161190766	0.151649397639	108.4	5
B003AYRBWI	4.875	0.336545936318	0.0907138321451	4.0	0.209032556043	0.173704705371	81.125	8
B003B01QL8	4.68421052632	0.311397393649	0.128228632398	3.10526315789	0.215698149457	0.147179158857	52.1578947368	19
B003B01QR2	4.54545454545	0.316128971148	0.115445580374	4.0	0.195115009372	0.167463937221	50.9090909091	22
B003B0I09Y	4.625	0.258284549977	0.17236530602	6.25	0.200759752227	0.18276355156	165.375	8
B003BFYDBS	4.41666666667	0.195643050107	0.178502976502	4.33333333333	0.189663486287	0.151827740296	65.75	12
B003BGO2OK	4.72727272727	0.39179676515	0.0530916362634	4.36363636364	0.223130631496	0.148982115448	48.6363636364	11
B003CLIPHO	4.6	0.289348636867	0.171294393025	3.8	0.25771899124	0.139823557447	34.8	5
B003D3OCD2	4.625	0.247945188845	0.17415091496	5.0	0.187784156542	0.161723472161	349.5	8
B003DVGVIS	4.5	0.26801214906	0.1477816962	4.75	0.199177002826	0.161203457151	74.09375	32
B003FO6E6M	4.125	0.363422897402	0.120452038561	3.25	0.209394140359	0.151659665894	67.75	8
B003FVB7XA	4.6	0.269711298617	0.0793062561817	6.4	0.205038056585	0.170988867981	175.4	5
B003FW0IHA	4.66666666667	0.393747375018	0.178471032415	3.5	0.189803191682	0.147364337155	137.166666667	6
B003GEBGA0	4.30434782609	0.411536611726	0.104827115701	4.69565217391	0.227617827665	0.154272374529	76.4347826087	23
B003HGFRO8	4.6	0.322913437532	0.160415062516	3.4	0.2314228204	0.150705063933	42.2	5
B003JJQMD8	4.71875	0.421681513097	0.0727718896687	3.5	0.227910951067	0.142248873936	51.78125	32
B003K16N0C	3.72727272727	0.190581706245	0.247953516947	5.09090909091	0.189775884908	0.170155863482	100.454545455	11
B003KJ0ZD0	4.2	0.267043026882	0.157195540647	4.0	0.20502811504	0.162870346468	62.4	5
B003KQY8DQ	3.0	0.295122952559	0.155264012013	5.66666666667	0.180246309012	0.176765321846	56.0	6
B003LTJ404	4.58823529412	0.362491061525	0.153832938228	4.94117647059	0.224882029478	0.17244793042	75.0588235294	17
B003LZ2IT2	4.83333333333	0.283287549289	0.0923229863354	4.16666666667	0.227767408095	0.146375027518	49.8333333333	6
B003NJF1G8	4.64705882353	0.421699983222	0.0912794576399	3.76470588235	0.218785193448	0.146421108528	59.4117647059	17
B003OG9NH8	4.75	0.368980456536	0.105968620987	6.08333333333	0.221547729181	0.148069129002	109.416666667	12
B003OUX8ZM	4.28571428571	0.216704609372	0.154722476348	7.0	0.195915075962	0.14853508791	351.285714286	7
B003PC2XQE	4.8	0.48926322892	0.00946961088233	3.0	0.224982162141	0.128089797627	31.6	5
B003QTM9O2	3.6	0.202520863925	0.251753060949	5.8	0.206002332928	0.184879588987	144.8	5
B003S3S0DU	4.66666666667	0.414347247994	0.166664814835	3.66666666667	0.186120753685	0.158275925489	267.5	6
B003SZDFM4	3.76923076923	0.274454196165	0.184918753303	4.84615384615	0.214188293926	0.162261718936	99.3846153846	13
B003U3LUOY	4.42857142857	0.218803672963	0.193268213568	4.85714285714	0.160705858141	0.183010302867	60.4285714286	7
B003VWJ2K8	4.68711656442	0.358204089519	0.120663658938	3.87116564417	0.206603480917	0.150964375167	69.1656441718	163
B003VWKPHC	4.64912280702	0.348283301507	0.112653577553	3.98245614035	0.211003341858	0.150760543207	79.0087719298	114
B003VYBD58	4.58333333333	0.224379426081	0.193904252987	5.5	0.19829296079	0.180784475401	82.3333333333	12
B003VYBNLW	4.6	0.438837196013	0.119309239117	4.3	0.182646185741	0.184085855268	109.4	10
B003W47NII	3.45454545455	0.273456549223	0.162918631755	5.72727272727	0.218417668779	0.153070415167	82.6363636364	11
B003WZ6VVM	4.14285714286	0.26166535834	0.195103191151	6.42857142857	0.202987773549	0.150337677452	129.428571429	7
B003XDUAOM	3.83333333333	0.359466429093	0.0825750068939	5.33333333333	0.211383955671	0.163435335263	426.333333333	6
B003Y3ASW0	4.85714285714	0.312370961499	0.117303863179	4.57142857143	0.189837207401	0.1558781857	83.2857142857	7
B003YVRGN6	4.8	0.468744140698	0.133331666688	2.6	0.230970627203	0.13958406756	70.8	5
B0040O49OU	4.57142857143	0.282174358291	0.181778090651	4.57142857143	0.208784175342	0.142593298595	77.8571428571	7
B0040ZBI52	4.36363636364	0.356823305538	0.0894098751273	5.90909090909	0.214361716021	0.153425193528	108.272727273	11
B0041T53KI	4.4	0.443741125177	0.0363087976336	3.0	0.224776805577	0.15815767923	59.6	5
B0042EZH6W	4.88888888889	0.288962383518	0.121620052137	4.22222222222	0.201296563187	0.149451254691	206.148148148	27
B0042F1L4S	4.2	0.153024773486	0.106844525798	7.4	0.196568652712	0.144113666884	381.8	5
B0043RZ9QQ	4.6	0.240175166509	0.0903475217813	6.0	0.210168689536	0.145886348782	333.2	5
B0044R1M0M	4.7	0.204372198384	0.197312702813	4.5	0.238010678978	0.157605380192	37.1	10
B00466HLXI	4.0	0.396619578092	0.143376821932	5.8	0.208512328303	0.137316486841	97.8	5
B00466HM28	2.85714285714	0.298074630195	0.256408284039	3.71428571429	0.20413835618	0.175651179762	83.4285714286	7
B0046A04LU	4.63636363636	0.350511267948	0.119940031968	5.36363636364	0.219170076086	0.157240083309	60.3636363636	11
B0049Z4UQ2	4.71428571429	0.296286034585	0.10173818634	6.42857142857	0.200363625672	0.155785990437	148.714285714	7
B004BZU4OW	4.8	0.305269928344	0.193876166191	4.8	0.211596247807	0.161661692164	164.6	5
B004FEBS8K	4.6	0.252838610558	0.12303209831	5.6	0.219631990159	0.139183068028	102.6	5
B004FEGXDK	4.3	0.32287557524	0.172180197454	3.8	0.223753249078	0.159036104921	98.95	20
B004FODY6E	4.6	0.309941144531	0.109736640609	5.8	0.214920372497	0.145989888327	85.4	5
B004FPEF84	4.10526315789	0.284637330436	0.161195012159	3.89473684211	0.202519714502	0.163062672947	84.1052631579	19
B004FRHKA2	4.57142857143	0.420189075469	0.0758235925658	4.0	0.208410439579	0.154988760551	93.8571428571	7
B004GYM7IE	4.6	0.288459319544	0.118588831368	5.6	0.1987999009	0.152378247566	91.2	5
B004GYOZ6G	4.83333333333	0.418714627847	0.0606055096469	2.66666666667	0.236840503141	0.141556025333	34.5	6
B004HJ58JI	4.5	0.221724342773	0.196426934537	3.16666666667	0.194742888585	0.166623142476	118.5	6
B004HJ9COU	3.8	0.304460479958	0.132885243696	4.4	0.222081709704	0.154636293704	40.4	5
B004INGEB4	4.5	0.227372677253	0.173912514903	6.5	0.184351708338	0.161100910736	137.166666667	6
B004ISK48S	3.83333333333	0.217012080455	0.0979406520819	4.83333333333	0.201787188135	0.147657992388	543.166666667	6
B004ISLGKS	4.4	0.339839502006	0.124998437519	4.4	0.201562596587	0.163711845301	128.8	5
B004J27QXY	4.83333333333	0.331084652477	0.0757027749964	3.33333333333	0.214750910832	0.131999405144	109.333333333	6
B004LG93KC	4.33333333333	0.309546031561	0.0751729846696	3.83333333333	0.172396444342	0.15092849434	107.5	6
B004M8UZS8	4.83333333333	0.556238875222	0.0479157083525	3.0	0.195721666329	0.150802239436	109.0	6
B004M9CKVM	4.57142857143	0.298761438099	0.14224554805	4.0	0.201107710375	0.143870194387	103.857142857	7
B004MF39YS	3.83333333333	0.387555717283	0.0960229453752	6.0	0.208622865816	0.152627392467	298.333333333	6
B004MM6RWM	4.8	0.338342385711	0.155986562341	3.8	0.232271364152	0.141647867939	32.4	5
B004MNTIL8	4.8	0.397318590581	0.0186010576115	5.6	0.217378506017	0.147670590055	44.4	5
B004N0MKN8	3.80769230769	0.238140114313	0.148173218139	4.69230769231	0.183512250875	0.164537766762	80.1153846154	26
B004N6RBWW	4.16666666667	0.310761498416	0.151918092693	3.83333333333	0.223596803869	0.152143665136	334.333333333	6
B004OK17QS	4.78571428571	0.281427445719	0.15996364586	4.85714285714	0.199927514149	0.146696355881	83.9285714286	14
B004OK1G64	4.8	0.214407042134	0.145484292557	4.8	0.201704288575	0.156740782171	249.6	5
B004OU2IQG	4.2	0.32594304683	0.13740716165	6.0	0.211573996582	0.153701919578	134.4	10
B004PFWYL4	4.0	0.415969449093	0.0937493750042	4.0	0.180633183718	0.181691453919	116.4	5
B004PFWZHM	4.6	0.315622895847	0.133887996302	6.0	0.176588572625	0.168972668157	108.8	5
B004PG1A4A	4.625	0.367982941578	0.129468029918	4.25	0.203813548595	0.176214321962	135.375	8
B004T6M7DE	4.53846153846	0.248848495354	0.168607794907	5.69230769231	0.208180274257	0.155441083325	153.615384615	13
B004TE5HBU	4.0	0.346691470781	0.136620664618	4.77777777778	0.206629951511	0.153300925221	169.222222222	9
B004TGVRDA	4.33333333333	0.236605452818	0.172936689908	4.33333333333	0.196582234737	0.159397055142	140.0	6
B004TQJ174	4.22222222222	0.314042046758	0.0980044871086	5.88888888889	0.205366764951	0.166277630518	114.666666667	9
B004U1QDL0	3.88888888889	0.317707198665	0.13653225048	5.22222222222	0.202567388584	0.178278327968	120.555555556	9
B004UJO41S	4.05	0.30818014265	0.133891949857	4.8	0.206999326148	0.149798471028	113.8	20
B004UNL1P6	4.71428571429	0.200251190245	0.163887796303	3.85714285714	0.195755998984	0.164035870834	58.0	7
B004VDD4KK	4.63636363636	0.327631988397	0.0922118824424	2.72727272727	0.229790335293	0.129322985518	50.8181818182	11
B004XNK7AI	4.4	0.28926002289	0.158808931272	4.52307692308	0.207262775822	0.152491094939	75.4769230769	65
B004Z17008	4.66666666667	0.309724974848	0.132299453404	4.51851851852	0.211876393849	0.153183344046	81.037037037	27
B004Z8VQ2O	3.42857142857	0.25041541459	0.19562402188	6.85714285714	0.18107187318	0.166980249157	276.0	7
B004ZKIHVU	4.4	0.231768011075	0.154527569072	4.9	0.190538402099	0.150943793277	120.4	10
B004ZKY10Q	4.42857142857	0.467556184123	0.0912195865268	4.0	0.194703861841	0.154414563124	228.714285714	7
B0050ALN2E	4.42857142857	0.312959039821	0.153944349139	4.71428571429	0.204609495149	0.174834377033	86.8571428571	7
B0050CEEIW	3.4	0.178293671609	0.305621943781	4.2	0.224456024238	0.152539052851	126.2	5
B0051WAJ5S	4.13333333333	0.237177622718	0.187308774574	3.6	0.207298291998	0.168062003157	85.1333333333	15
B0052FU602	4.6	0.223122555927	0.170050656101	5.6	0.198887738573	0.130500207323	99.2	5
B0052S3WFU	4.57142857143	0.289339709484	0.201263623055	4.42857142857	0.219164253898	0.157067964772	94.4285714286	7
B0053CUHMG	4.0	0.225399469066	0.184102402931	8.66666666667	0.199564238387	0.158450399509	115.666666667	6
B0055V7UR0	4.46153846154	0.330906533517	0.189144957706	3.69230769231	0.220949954375	0.158577096178	36.0	13
B0058GZTVG	4.5	0.500739874787	0.0922611359192	3.33333333333	0.211936287247	0.177628227172	113.0	6
B005A09I7Q	4.30769230769	0.337044085626	0.116646832899	4.92307692308	0.213756983035	0.161158784527	55.0769230769	13
B005AGGZ8K	3.66666666667	0.290474115661	0.184820108428	4.16666666667	0.185437560704	0.181512761612	67.8333333333	6
B005BSOVRY	4.28571428571	0.401558484415	0.153718700908	3.28571428571	0.215168369104	0.163370712438	116.285714286	7
B005CERXFO	4.33333333333	0.124051902559	0.164771229352	3.83333333333	0.192477606507	0.171295679555	33.1666666667	6
B005CX4GLE	4.45238095238	0.280419115058	0.161046760879	4.64285714286	0.196646091414	0.174190317422	73.5476190476	42
B005DVF15A	3.8	0.246178504068	0.186283169862	5.6	0.172309792312	0.178340435603	212.6	5
B005E0CPNG	4.0	0.18105896007	0.296912885207	3.4	0.20314340586	0.16792280099	51.0	5
B005EHILV4	4.55555555556	0.369058134862	0.148713459528	4.33333333333	0.196799511192	0.15583315874	252.444444444	9
B005F3H6Q8	5.0	0.421242180921	0.100159485953	5.0	0.192546015792	0.162677714033	404.666666667	6
B005FIFM14	4.71428571429	0.271833505237	0.174919468791	3.28571428571	0.208916215078	0.157654773842	124.0	7
B005FKF1PY	4.15873015873	0.265058477007	0.16687658968	5.20634920635	0.186351227587	0.161207595781	156.507936508	63
B005FKF3L6	4.88888888889	0.467047980449	0.077357048998	4.55555555556	0.208924602323	0.157804964655	110.111111111	9
B005FKF3N4	4.2	0.308926364812	0.160713137763	4.2	0.202146886704	0.155935856899	42.4	5
B005GZ86ZA	4.6	0.315811522926	0.215433647573	3.8	0.227829983246	0.181724360225	64.6	5
B005H2007E	4.4	0.356933631475	0.151718370704	3.53333333333	0.207876346708	0.142346981072	48.4	15
B005IGFGWI	4.8	0.2864559462	0.122394813377	4.2	0.186270408915	0.151590868562	56.0	5
B005IVUWDG	4.4	0.284633993497	0.153645065108	6.8	0.220723798694	0.152129439192	65.8	5
B005J2PXV0	4.42857142857	0.293242581406	0.158064685867	4.85714285714	0.172951000773	0.160422844163	79.4285714286	7
B005J9FS0Y	4.4	0.44165783351	0.1666633334	2.2	0.177170240194	0.186050864101	119.8	5
B005LYIW3W	4.70588235294	0.346806403453	0.130529830686	4.41176470588	0.215848658647	0.159238301256	165.588235294	17
B005M0CK9M	4.56	0.300965298359	0.148069899178	5.0	0.206913104708	0.160717776145	140.32	25
B005M0KLGQ	4.28571428571	0.32291519887	0.126352239524	7.28571428571	0.220408356151	0.148130627158	141.0	7
B005M0MUQK	4.8	0.414057324283	0.11458190106	3.4	0.198494265005	0.153683505458	281.8	5
B005M0TKL8	4.90909090909	0.294002438439	0.138778145619	6.09090909091	0.193628244721	0.159944459665	142.636363636	11
B005MR6IHK	4.7	0.262657562916	0.155564532058	4.05	0.191993551795	0.152846751723	81.25	20
B005NACC6M	4.11111111111	0.381118203674	0.142732540202	5.22222222222	0.233609149672	0.140067651783	133.666666667	9
B005OZE9SA	4.35	0.400596880312	0.0937540220701	5.3	0.194197631312	0.159389171031	270.75	20
B005PGGU9O	4.6	0.350399038033	0.15418666044	4.0	0.226827293089	0.136262956252	37.8	15
B005PNXT6E	4.77777777778	0.377597606321	0.0757686387379	3.55555555556	0.21746425044	0.159665501129	35.8888888889	18
B005SUS1JO	4.28571428571	0.319163475032	0.189581437519	3.85714285714	0.204632812231	0.169366558438	89.8571428571	7
B005T800V2	4.64285714286	0.273172039162	0.0989679240752	4.0	0.195659258247	0.149650592883	52.9285714286	14
B005TO9EPY	4.8	0.296438501901	0.124564934181	4.8	0.192272748059	0.164717904051	70.6	5
B005VLR6XC	4.33333333333	0.337307539628	0.107764171841	2.83333333333	0.223793141177	0.150421382765	59.0	6
B005VLWHP4	4.66666666667	0.394982513204	0.102110476902	5.0	0.201068598734	0.154796722212	43.3333333333	15
B005VM5Z5C	3.8	0.257209559926	0.146633487435	4.8	0.201238334696	0.180097618686	81.0	5
B005ZV5K0O	4.71428571429	0.420896203143	0.0655276654077	5.71428571429	0.194416427341	0.170570508932	87.1428571429	7
B00646MZHK	4.59677419355	0.296944368063	0.112298808603	3.77419354839	0.205553027856	0.151469456088	97.4516129032	62
B0064BFNME	5.0	0.379250311803	0.0695306705777	5.2	0.262240269531	0.150913210538	47.2	5
B0064RDPVE	4.625	0.272234512931	0.165538569341	5.25	0.193762440125	0.184900356166	56.625	8
B0064RFT4A	4.66666666667	0.214366925817	0.153051914391	5.55555555556	0.206169481696	0.164531991279	244.777777778	9
B0064RIB9A	4.09090909091	0.29335501331	0.140032004093	6.90909090909	0.227679455194	0.152014038766	64.1818181818	11
B006H5119Q	4.5	0.30488286387	0.108208243314	4.16666666667	0.209559975614	0.171551912387	179.666666667	6
B006X0UCKY	4.6	0.587904908569	0.037499250015	3.8	0.223215271417	0.12880528867	44.6	5
B006X735PQ	4.8	0.337775525941	0.0806939064851	5.2	0.233538319674	0.133394237593	85.0	5
B006Y2FUW6	5.0	0.296404537638	0.104761501833	5.66666666667	0.211598088672	0.144022791865	297.333333333	6
B0073XCXHA	4.81818181818	0.365756259143	0.110143543252	3.81818181818	0.193700877031	0.154652671525	66.3181818182	22
B0073XCYO2	5.0	0.35197564691	0.0889723245625	3.8	0.184819138329	0.153462158809	87.0	5
B0073XCZ3C	4.66666666667	0.340645877176	0.102446406971	5.5	0.192943120541	0.17143374036	110.0	6
B0078YF9V6	4.33333333333	0.313562148423	0.147289770543	5.33333333333	0.207650812418	0.175808576573	120.166666667	6
B0079KQEOK	4.42857142857	0.276834996423	0.191821323213	4.42857142857	0.199419836297	0.152914885821	123.714285714	7
B007BY2F7O	4.33333333333	0.273147136492	0.153703134433	4.41666666667	0.208648295888	0.161861316907	88.25	12
B007IE5QP0	4.44444444444	0.346448180179	0.107007710394	3.0	0.24600099351	0.140806328017	50.4444444444	9
B007IHYBV2	3.83333333333	0.176985899461	0.189717310212	4.33333333333	0.208931330947	0.17349812411	69.6666666667	6
B007J49GPK	4.9	0.468263442401	0.0761155957061	3.2	0.233135201585	0.144208888208	84.1	10
B007K3EGWI	5.0	0.330551882757	0.111225616012	3.6	0.222675938073	0.155724618105	55.0	5
B007K3EGXW	4.875	0.48712449673	0.0195576834315	3.125	0.213566488787	0.156582479324	33.0	8
B007PKR3SK	4.125	0.258688393443	0.138719173856	4.625	0.187857137808	0.168949538887	67.125	16
B007Q27BH0	4.36363636364	0.303884315826	0.104529987739	5.0	0.203300677074	0.155594412135	139.727272727	11
B007Q28BHE	4.22222222222	0.313865957657	0.132767711224	6.22222222222	0.207341272682	0.151775830797	234.444444444	9
B007T8CUNG	3.875	0.328505459404	0.171557173515	3.875	0.199675091643	0.159366030453	99.625	16
B007T8KI6M	4.125	0.363276953457	0.156189695242	5.0	0.194407827706	0.156188005945	69.5	8
B007T8OGLK	3.75	0.270456913143	0.23043469177	4.875	0.20023021636	0.178082313749	112.1875	16
B007TGWQZ0	4.2	0.227503335294	0.163391690059	5.6	0.234704118347	0.163324360672	34.6	5
B007XH9432	4.0	0.370204631287	0.115832175012	3.8	0.211271917553	0.159821583155	121.8	5
B007YWHIP2	3.90909090909	0.281620850389	0.153880807243	4.54545454545	0.219856308233	0.158373099244	35.0	11
B008277N80	4.33333333333	0.37176106935	0.139917280279	5.83333333333	0.234607203863	0.156977154462	166.5	6
B0087UPSLQ	3.75	0.227974562086	0.146427525518	5.5	0.188786611956	0.176650705325	63.375	8
B008AOH1O6	4.5	0.264970380046	0.157413911865	7.0	0.247936062838	0.148152713554	55.1666666667	6
B008BPI2HE	4.65714285714	0.282261345839	0.123096479234	4.71428571429	0.203977208216	0.153488208041	184.457142857	35
B008BTTQI4	3.42857142857	0.269790493665	0.149365292615	6.0	0.204392675506	0.154409807969	333.428571429	7
B008GS3XLQ	4.57142857143	0.402316178286	0.103884165021	5.0	0.230659268231	0.14705857787	59.1428571429	7
B008GS9UNQ	4.77777777778	0.298164391758	0.125134780846	4.11111111111	0.203986367441	0.159985926072	108.444444444	9
B008IYUF96	4.14285714286	0.317387188731	0.122448104963	3.71428571429	0.184100248777	0.168411414767	71.5714285714	7
B008LMS4MK	4.33333333333	0.256893923792	0.18619193707	4.77777777778	0.200228952345	0.159183983453	100.666666667	9
B008O0RKVA	4.33333333333	0.214013205941	0.28408832647	5.16666666667	0.18769625683	0.169626814165	182.333333333	6
B008TNAG4A	3.8	0.277973410742	0.18196246609	4.6	0.18006087778	0.173094171083	121.2	5
B00923G9Q0	5.0	0.292160263744	0.113218302546	4.4	0.181678688061	0.162164257853	87.0	5
B0097WDJZA	4.45454545455	0.276342584435	0.131632114332	4.36363636364	0.193097934472	0.17150059814	99.0909090909	11
B0098DFNY8	4.6	0.302081445324	0.157923120123	4.6	0.213436492122	0.135546014379	47.0	5
B009AS1FLG	4.0	0.322219000032	0.141665250014	4.2	0.194323602183	0.159910437147	241.0	5
B009E3EWPI	5.0	0.223009336279	0.229069887243	4.0	0.218158548816	0.155641589814	105.8	5
B009EOKTCM	4.0	0.19694313149	0.111110370375	5.6	0.196682134869	0.141157899874	118.4	5
B009GT0KNI	4.2	0.281378449718	0.112778312993	6.6	0.196420919334	0.153801894434	90.6	5
B009MBT68U	5.0	0.264202143617	0.249997727293	2.14285714286	0.210555733649	0.173215583388	63.1428571429	7
B009MDMQJ4	4.6	0.298761438099	0.159202072072	4.8	0.212638416442	0.148271065174	73.4	5
B009MIBIWK	5.0	0.360619936623	0.0936805980613	5.2	0.193704306517	0.142796886481	90.2	5
B009O7CE5O	4.875	0.230135405773	0.164014741364	4.125	0.209742770246	0.162179054164	92.0	8
B009S814U0	4.8	0.391738273298	0.061383490118	5.2	0.190902022643	0.155204620674	243.6	5
B009ZX8ZJG	3.28571428571	0.274766992035	0.0917818975079	6.14285714286	0.172362880488	0.178325825288	117.714285714	7
B00A270KYM	4.125	0.255669875908	0.139929778168	4.875	0.218127952552	0.158354124241	52.625	8
B00A716FB0	3.45454545455	0.335588413398	0.143054760807	3.63636363636	0.226763362937	0.157137947004	57.1818181818	11
B00AHEWBM4	5.0	0.415172640391	0.236603762803	3.8	0.221783159924	0.145131500232	116.0	5
B00AK7SKL4	3.5	0.352103518618	0.118817767336	3.33333333333	0.183691066185	0.186868267912	71.0	6
B00AQBT3EW	4.72222222222	0.384036968078	0.0894279351258	3.83333333333	0.197293866845	0.160428401791	167.166666667	18
B00AZUAORE	4.58333333333	0.313625306727	0.152928170576	3.83333333333	0.209655165967	0.15315215349	117.0	24
B00B1N06PO	4.16666666667	0.420761415388	0.136377156073	3.5	0.209156234579	0.156561043357	251.5	6
B00B5LDMH6	4.6	0.239705629087	0.104165922624	3.8	0.154471006756	0.180723750403	48.0	5
B00B5OY8EE	4.6	0.392041890528	0.124051902559	3.6	0.183306395513	0.15037754576	117.2	5
B00B9060X6	4.4	0.290684564601	0.137499191181	7.6	0.193093932344	0.152361736302	514.6	5
B00BG6ZM0K	3.66666666667	0.238094246036	0.14384860698	7.33333333333	0.187006905361	0.158174325036	441.333333333	6
B00BHJNC4E	5.0	0.252586087601	0.0879411197272	3.8	0.250003063132	0.120987022968	41.0	5
B00BHK2UHI	3.83333333333	0.483325277912	0.0437492708455	2.0	0.205706114995	0.162075510966	37.3333333333	6
B00BKXN9LS	4.91666666667	0.405483407888	0.035833094446	2.75	0.209934121939	0.157687374153	33.0833333333	12
B00BL6IYW8	5.0	0.232438815913	0.168302369269	4.14285714286	0.217439269471	0.156776968018	58.0	7
B00BL6JDUA	4.7	0.35140307443	0.140245574641	4.1	0.253824186012	0.149609782139	44.7	10
B00BLQ7M4E	4.6	0.315089182949	0.154340828807	5.2	0.19046081377	0.185376090867	42.4	5
B00BLQTZDA	4.66666666667	0.320743854912	0.156248697928	3.33333333333	0.211202511951	0.154819877865	63.0	6
B00BTGMI5O	4.66666666667	0.200329945868	0.154342461871	10.6666666667	0.196173309894	0.162090679315	177.333333333	6
B00BU9KCXK	4.47619047619	0.285239241687	0.141961210136	4.0	0.203492081696	0.175378399409	49.7619047619	21
B00C5B20QE	5.0	0.381662850038	0.0991656750099	3.6	0.193398177905	0.14764497147	63.4	5
B00CDA0IUC	4.28571428571	0.263092846342	0.171859909499	2.71428571429	0.205144986449	0.134136310086	51.7142857143	7
B00CFMWBLC	4.5	0.218179834729	0.0579540185998	3.83333333333	0.176187138932	0.140406037316	41.3333333333	6
B00CK2FOZM	5.0	0.476766065673	0.0715915459894	4.4	0.221251932998	0.137971179086	84.6	5
B00E0EXYMS	3.4	0.301838768584	0.157444649285	7.4	0.214663887875	0.15034125482	319.6	5
B00EIMZG46	4.4	0.218053375022	0.161723810112	5.6	0.200614785963	0.145510749593	65.8	5
B00EPWAQS0	4.6	0.19692319658	0.231149142585	5.2	0.202562774602	0.154836621061	222.6	5
B00EQDITGO	4.0	0.19113544241	0.191300784489	4.2	0.19714692978	0.183568139404	187.8	5
B00F2PKRJW	4.2	0.290473769861	0.134621894024	3.8	0.179873684433	0.173531858313	121.6	5
B00FXKIG5I	4.0	0.189744024339	0.17914014817	5.28571428571	0.187791092134	0.157718274483	92.7142857143	7
B00GTSM8FW	4.23529411765	0.306789443255	0.142883569212	5.52941176471	0.187808176103	0.16260783031	232.941176471	17
B00H02C9TG	4.83333333333	0.304527661474	0.165993067111	8.5	0.21925157469	0.151241697717	275.166666667	6
B00HFRXACG	4.81818181818	0.352446154436	0.0989231164955	3.90909090909	0.207159672995	0.155222267302	130.727272727	11
B00IZCSW3M	4.79166666667	0.337818150973	0.108486487863	5.125	0.201897308017	0.151366706931	137.875	24
B00J4TBMVO	4.5	0.333914799628	0.103609533237	6.25	0.204183728842	0.15298463442	171.875	8
